1.1018152 0.0402982 0.0318375 0.0281784 0.0278229 0.0046522 0.0332330 0.0392251 0.0033773 0.0292517 0.0342762 0.0263022 0.0268495 0.0309935 0.0216273 0.0298907 0.0244635 0.0409514 0.0306427 0.0434537 0.0294741 0.0411988 0.0282299 0.0325957 0.0275484 0.0203081 0.0344700 0.0360078 0.0198481 0.0168976 0.0189818 0.0256386 0.0312378 0.0065877 0.0207078 0.0324250 0.0267925 0.0357929 0.0331322 0.0439622 0.0408209 0.0298950 0.0334876 0.0267521 0.0259483 0.0236926 0.0208913 0.0251497 0.0334509 0.0278978 0.0222633 0.0189216 0.0349227 0.0219665 0.0165071 0.0203918 0.0430040 0.0331374 0.0166242 0.0246671 0.0444935 0.0406463 0.0428726 0.0277632 0.0219875 0.0213638 0.0254354 0.0200439 0.0313198 0.0231993 0.0230760 0.0243145 0.0234223 0.0287401 0.0190717 0.0220303 0.0262588 0.0344433 0.0225787 0.0197573 0.0317056 0.0369692 0.0356163 0.0221362 0.0237442 0.0312794 0.0199507 0.0269233 0.0242436 0.0402223 0.0361346 0.0295334 0.0348131 0.0239383 -0.0267118 -0.0325548 -0.0301812 -0.0243206 -0.0205448 -0.0204045 -0.0167824 -0.0263764 -0.0210554 -0.0261436 -0.0301134 -0.0172545 -0.0069611 -0.0199507 -0.0240588 -0.0168076 -0.0188501 -0.0204598 -0.0272231 -0.0219119 -0.0115382 -0.0207453 -0.0097561 0.0002052 -0.0068150 -0.0207226 -0.0051225 -0.0243304 -0.0068672 -0.0152580 -0.0034493 -0.0115555 -0.0089342 -0.0223222 -0.0235853 -0.0240655 -0.0059562 -0.0227433 -0.0038284 -0.0232077 -0.0008347 -0.0269464 -0.0063235 -0.0072463 -0.0010671 -0.0229998 -0.0260793 -0.0001823 -0.0038228 -0.0000930 -0.0028835 -0.0266316 -0.0254893 -0.0050117 -0.0004546 -0.0266434 -0.0045256 -0.0260978 0.0000409 -0.0274498 -0.0035289 -0.0288721 -0.0320721 -0.0045533 -0.0035028 -0.0016649 -0.0003028 0.0001907 -0.0017883 -0.0013593 -0.0000214 -0.0001152 -0.0070411 -0.0043061 -0.0000629 -0.0052594 -0.0002392 0.0020743 -0.0000178 -0.0177955 -0.0083079 -0.0000607 -0.0008673 -0.0075959 -0.0006428 -0.0038955 -0.0001603 -0.0131912 0.0001624 0.0009709 -0.0130512 0.0006322 0.0024396 0.0006077 -0.0040549 -0.0236858 -0.0023707 0.0030132 0.0009377 0.0024886 -0.0019090 -0.0001612 0.0017111 -0.0104290 -0.0084552 -0.0119929 -0.0154712 -0.0144105 -0.0066841 -0.0233038 -0.0219737 -0.0175762 -0.0015838 -0.0016862 -0.0025901 -0.0251362 -0.0198017 -0.0225626 -0.0147120 0.0010793 -0.0239234 -0.0213899 -0.0095326 -0.0136793 -0.0174838 -0.0060088 -0.0083165 -0.0036322
0.0402982 1.0969079 0.0311737 0.0271643 0.0268723 0.0045701 0.0324621 0.0383892 0.0033504 0.0284036 0.0334220 0.0256226 0.0261732 0.0300255 0.0214408 0.0293414 0.0240607 0.0398123 0.0301121 0.0421243 0.0286081 0.0401353 0.0274565 0.0316798 0.0268834 0.0195952 0.0334499 0.0351322 0.0197716 0.0162170 0.0185008 0.0253334 0.0301566 0.0063832 0.0203403 0.0314517 0.0259987 0.0344061 0.0326647 0.0429420 0.0398453 0.0289684 0.0328804 0.0262449 0.0253134 0.0233694 0.0203738 0.0248118 0.0327056 0.0271919 0.0213914 0.0189169 0.0338372 0.0211161 0.0163395 0.0196109 0.0418709 0.0322627 0.0163085 0.0244697 0.0435682 0.0397022 0.0418699 0.0271957 0.0216373 0.0210487 0.0246334 0.0198461 0.0304534 0.0224866 0.0224993 0.0240660 0.0227926 0.0281483 0.0185054 0.0212926 0.0254891 0.0339512 0.0223167 0.0197620 0.0310371 0.0362525 0.0344645 0.0216875 0.0228293 0.0306237 0.0195289 0.0261696 0.0238030 0.0395899 0.0355713 0.0289984 0.0339341 0.0231894 -0.0258371 -0.0316171 -0.0293600 -0.0236490 -0.0199131 -0.0198961 -0.0164550 -0.0260667 -0.0203991 -0.0257343 -0.0296326 -0.0168563 -0.0067876 -0.0197040 -0.0236378 -0.0164289 -0.0185716 -0.0200452 -0.0264568 -0.0213122 -0.0113201 -0.0204623 -0.0093947 0.0002170 -0.0067167 -0.0202551 -0.0048980 -0.0236757 -0.0067596 -0.0148118 -0.0036489 -0.0113839 -0.0088302 -0.0216439 -0.0227160 -0.0238269 -0.0058659 -0.0223045 -0.0037352 -0.0229097 -0.0008060 -0.0258457 -0.0061590 -0.0073322 -0.0010646 -0.0223446 -0.0255821 -0.0001620 -0.0037613 -0.0001282 -0.0028416 -0.0256154 -0.0245766 -0.0046503 -0.0003752 -0.0261838 -0.0042309 -0.0255256 0.0000747 -0.0267084 -0.0037046 -0.0286298 -0.0310995 -0.0044936 -0.0033922 -0.0015922 -0.0003030 0.0001889 -0.0018300 -0.0013261 -0.0000007 -0.0001103 -0.0074194 -0.0043722 -0.0000627 -0.0051023 -0.0002315 0.0023109 -0.0000145 -0.0168485 -0.0080837 -0.0000621 -0.0008147 -0.0076892 -0.0007233 -0.0039079 -0.0001498 -0.0124672 -0.0000574 0.0010703 -0.0130490 0.0006255 0.0026367 0.0008407 -0.0041793 -0.0233464 -0.0022697 0.0028767 0.0011790 0.0023066 -0.0018535 -0.0001520 0.0016232 -0.0103459 -0.0082593 -0.0118396 -0.0146205 -0.0142128 -0.0066178 -0.0226757 -0.0211968 -0.0172030 -0.0015305 -0.0016330 -0.0025181 -0.0243300 -0.0194993 -0.0224340 -0.0145488 0.0008500 -0.0233669 -0.0203148 -0.0092597 -0.0130405 -0.0170896 -0.0058586 -0.0077869 -0.0037549
0.0318375 0.0311737 1.0279462 0.0167286 0.0179969 0.0037031 0.0239712 0.0278466 0.0026667 0.0193314 0.0237855 0.0172024 0.0163423 0.0204851 0.0113387 0.0204580 0.0153398 0.0311873 0.0207901 0.0328149 0.0191390 0.0311560 0.0182268 0.0220039 0.0157635 0.0094624 0.0253682 0.0252677 0.0098734 0.0080219 0.0094035 0.0160894 0.0202613 0.0051393 0.0105558 0.0222615 0.0172395 0.0256747 0.0228540 0.0331183 0.0313997 0.0196408 0.0236298 0.0169430 0.0168223 0.0128645 0.0109007 0.0149155 0.0228029 0.0174198 0.0120491 0.0102638 0.0238347 0.0122381 0.0078849 0.0100659 0.0324528 0.0258497 0.0064179 0.0153935 0.0340943 0.0311857 0.0325938 0.0190979 0.0127819 0.0110984 0.0154679 0.0110475 0.0207584 0.0131569 0.0140005 0.0149588 0.0135986 0.0187999 0.0097440 0.0124778 0.0151259 0.0235700 0.0126535 0.0111837 0.0218883 0.0262801 0.0249083 0.0123783 0.0141081 0.0218469 0.0117463 0.0175870 0.0153687 0.0307570 0.0264080 0.0198927 0.0254518 0.0151398 -0.0177324 -0.0237843 -0.0209827 -0.0166693 -0.0148003 -0.0143945 -0.0123016 -0.0193859 -0.0150495 -0.0183298 -0.0217162 -0.0124282 -0.0059224 -0.0146123 -0.0178375 -0.0130912 -0.0145632 -0.0150306 -0.0192136 -0.0150997 -0.0087073 -0.0157204 -0.0075133 0.0001320 -0.0063089 -0.0157547 -0.0043158 -0.0182549 -0.0063252 -0.0111206 -0.0034307 -0.0089319 -0.0078084 -0.0166202 -0.0165815 -0.0172992 -0.0048314 -0.0167061 -0.0030929 -0.0175663 -0.0006481 -0.0185384 -0.0051405 -0.0060235 -0.0010899 -0.0158983 -0.0187976 -0.0001417 -0.0032501 -0.0000828 -0.0023697 -0.0187186 -0.0173005 -0.0040900 -0.0002550 -0.0185564 -0.0038247 -0.0182577 0.0000000 -0.0194378 -0.0032077 -0.0207291 -0.0233697 -0.0037229 -0.0038364 -0.0024318 -0.0002379 0.0001531 -0.0029338 -0.0010886 -0.0000086 -0.0000873 -0.0069689 -0.0043705 -0.0000455 -0.0051937 -0.0001906 0.0011707 -0.0000046 -0.0146156 -0.0077242 -0.0000411 -0.0006676 -0.0071021 -0.0011424 -0.0041299 -0.0001259 -0.0117026 -0.0012971 -0.0001616 -0.0120109 0.0004853 0.0016838 -0.0005054 -0.0041589 -0.0203140 -0.0021017 0.0016865 -0.0005186 0.0013189 -0.0015335 -0.0001276 0.0006643 -0.0096613 -0.0075530 -0.0109344 -0.0133803 -0.0122170 -0.0066381 -0.0193688 -0.0187767 -0.0153477 -0.0012429 -0.0013629 -0.0030775 -0.0216134 -0.0168163 -0.0187827 -0.0125828 -0.0004229 -0.0182659 -0.0173441 -0.0085278 -0.0115636 -0.0139605 -0.0058130 -0.0076962 -0.0044481
0.0281784 0.0271643 0.0167286 1.0329260 0.0139312 0.0032966 0.0192824 0.0225746 0.0023722 0.0145036 0.0190963 0.0121226 0.0125517 0.0168637 0.0096031 0.0161334 0.0137865 0.0276104 0.0158918 0.0288188 0.0146977 0.0276694 0.0150322 0.0175879 0.0131819 0.0077697 0.0198243 0.0212162 0.0062565 0.0032830 0.0042901 0.0120950 0.0164695 0.0046058 0.0082681 0.0184614 0.0127893 0.0218231 0.0195777 0.0291048 0.0274333 0.0157352 0.0192545 0.0121774 0.0131013 0.0087545 0.0066475 0.0114598 0.0182568 0.0153117 0.0084857 0.0062560 0.0190412 0.0081428 0.0040546 0.0067496 0.0280069 0.0228903 0.0036339 0.0107893 0.0301844 0.0278984 0.0288048 0.0146514 0.0094631 0.0088165 0.0115022 0.0077230 0.0163039 0.0103770 0.0091783 0.0104783 0.0093745 0.0153553 0.0066441 0.0082450 0.0115379 0.0194609 0.0093646 0.0088999 0.0173807 0.0220398 0.0213407 0.0082231 0.0091214 0.0175241 0.0067081 0.0138477 0.0118223 0.0269743 0.0220019 0.0163179 0.0214093 0.0103843 -0.0155571 -0.0204351 -0.0162020 -0.0143985 -0.0125803 -0.0126613 -0.0114139 -0.0145767 -0.0132761 -0.0154256 -0.0168542 -0.0116626 -0.0067970 -0.0130299 -0.0140922 -0.0108307 -0.0119696 -0.0126611 -0.0155071 -0.0132277 -0.0085844 -0.0126858 -0.0082165 0.0000882 -0.0069046 -0.0128252 -0.0042043 -0.0158316 -0.0062891 -0.0105103 -0.0044552 -0.0089857 -0.0073893 -0.0136964 -0.0146783 -0.0152821 -0.0058498 -0.0146375 -0.0028155 -0.0141453 -0.0005964 -0.0173788 -0.0046226 -0.0065517 -0.0011708 -0.0139843 -0.0153523 -0.0001443 -0.0029155 -0.0001570 -0.0022683 -0.0155772 -0.0164224 -0.0039574 -0.0005561 -0.0148871 -0.0037060 -0.0153506 0.0000307 -0.0157294 -0.0031159 -0.0168572 -0.0200236 -0.0033983 -0.0055271 -0.0040258 -0.0002196 0.0001390 -0.0039848 -0.0009616 -0.0000081 -0.0000960 -0.0078419 -0.0057107 -0.0000509 -0.0062805 -0.0001664 0.0004307 -0.0000111 -0.0149465 -0.0080337 -0.0000516 -0.0005980 -0.0083903 -0.0028734 -0.0046286 -0.0001110 -0.0125324 -0.0019120 -0.0017013 -0.0111275 0.0004565 0.0009904 -0.0014863 -0.0056060 -0.0198228 -0.0017113 0.0010616 -0.0015863 0.0006526 -0.0013587 -0.0001046 -0.0009523 -0.0100107 -0.0056668 -0.0115780 -0.0134216 -0.0121513 -0.0086894 -0.0183974 -0.0202618 -0.0146618 -0.0010779 -0.0012225 -0.0048361 -0.0213191 -0.0156072 -0.0165962 -0.0119454 -0.0020324 -0.0177725 -0.0173039 -0.0094361 -0.0117236 -0.0144906 -0.0065197 -0.0091033 -0.0057341
0.0278229 0.0268723 0.0179969 0.0139312 1.0121212 0.0032993 0.0186762 0.0227498 0.0023396 0.0157558 0.0187926 0.0124933 0.0133524 0.0162049 0.0097023 0.0157014 0.0123573 0.0274218 0.0169304 0.0282759 0.0147891 0.0272780 0.0151857 0.0168350 0.0125907 0.0072933 0.0208192 0.0201632 0.0086246 0.0043067 0.0058201 0.0129893 0.0169201 0.0045370 0.0086690 0.0182919 0.0142443 0.0215127 0.0189559 0.0285509 0.0271664 0.0163547 0.0194020 0.0130955 0.0134537 0.0105651 0.0064177 0.0127463 0.0174435 0.0132782 0.0111041 0.0074648 0.0194885 0.0098811 0.0037331 0.0078466 0.0281459 0.0227404 0.0033822 0.0117485 0.0297963 0.0273481 0.0286815 0.0154341 0.0098628 0.0090091 0.0115772 0.0079202 0.0174680 0.0104025 0.0104146 0.0112065 0.0111330 0.0161526 0.0074957 0.0099958 0.0122049 0.0195596 0.0100626 0.0082230 0.0178164 0.0223750 0.0203025 0.0111498 0.0110148 0.0177552 0.0080430 0.0145859 0.0115434 0.0267241 0.0220725 0.0170024 0.0221162 0.0115471 -0.0174469 -0.0219371 -0.0193949 -0.0153983 -0.0134669 -0.0130014 -0.0118594 -0.0157657 -0.0131303 -0.0163700 -0.0177961 -0.0111641 -0.0066490 -0.0120685 -0.0142902 -0.0114790 -0.0122489 -0.0130082 -0.0163645 -0.0136299 -0.0096254 -0.0132947 -0.0076977 0.0000999 -0.0060224 -0.0129247 -0.0038546 -0.0158745 -0.0062679 -0.0106146 -0.0043090 -0.0082542 -0.0075643 -0.0147575 -0.0141626 -0.0154077 -0.0059050 -0.0143129 -0.0027412 -0.0151186 -0.0006004 -0.0170860 -0.0045895 -0.0063657 -0.0008976 -0.0145944 -0.0152652 -0.0001474 -0.0028918 -0.0001302 -0.0021596 -0.0152155 -0.0165373 -0.0037851 -0.0004907 -0.0159985 -0.0035676 -0.0139090 -0.0000208 -0.0168714 -0.0031483 -0.0172500 -0.0193523 -0.0032587 -0.0048098 -0.0031794 -0.0002102 0.0001235 -0.0035915 -0.0009895 -0.0000322 -0.0000852 -0.0070053 -0.0051895 -0.0000549 -0.0063089 -0.0001722 0.0005553 -0.0000011 -0.0136241 -0.0072008 -0.0000382 -0.0006053 -0.0075376 -0.0020322 -0.0046971 -0.0001093 -0.0103863 -0.0022487 -0.0012480 -0.0111498 0.0004280 0.0006424 -0.0015498 -0.0053524 -0.0188154 -0.0018403 0.0011411 -0.0012874 0.0008549 -0.0013271 -0.0001264 -0.0006683 -0.0091480 -0.0063119 -0.0104641 -0.0120642 -0.0112377 -0.0078108 -0.0184004 -0.0188182 -0.0136553 -0.0010856 -0.0011967 -0.0036176 -0.0199849 -0.0149449 -0.0169778 -0.0124941 -0.0014084 -0.0161875 -0.0161313 -0.0085404 -0.0110053 -0.0141657 -0.0062284 -0.0084542 -0.0059848
0.0046522 0.0045701 0.0037031 0.0032966 0.0032993 1.0042964 0.0038716 0.0044719 0.0003858 0.0033708 0.0039860 0.0030800 0.0031711 0.0035709 0.0025769 0.0034479 0.0029156 0.0046050 0.0036796 0.0048819 0.0033676 0.0046237 0.0033049 0.0037621 0.0032714 0.0024246 0.0039493 0.0041566 0.0024828 0.0020939 0.0022387 0.0030121 0.0035686 0.0007403 0.0024885 0.0036943 0.0031078 0.0040313 0.0038676 0.0049274 0.0046108 0.0034661 0.0038579 0.0031766 0.0030539 0.0028219 0.0024736 0.0029280 0.0038672 0.0032848 0.0026073 0.0023588 0.0040042 0.0025892 0.0020087 0.0024764 0.0048344 0.0037302 0.0019968 0.0029260 0.0050415 0.0045715 0.0047963 0.0032588 0.0026139 0.0025497 0.0029391 0.0024743 0.0036552 0.0027667 0.0027848 0.0028538 0.0027498 0.0033523 0.0022850 0.0026321 0.0031106 0.0039922 0.0027074 0.0023890 0.0036584 0.0041879 0.0040718 0.0026511 0.0027789 0.0036096 0.0024019 0.0031379 0.0028532 0.0045689 0.0041243 0.0033893 0.0039457 0.0028174 -0.0031236 -0.0041222 -0.0036749 -0.0027839 -0.0023173 -0.0023656 -0.0019187 -0.0030765 -0.0023701 -0.0030926 -0.0037135 -0.0019604 -0.0007129 -0.0023116 -0.0027765 -0.0018888 -0.0021202 -0.0022966 -0.0032144 -0.0025411 -0.0012947 -0.0023839 -0.0010618 0.0000244 -0.0007656 -0.0023435 -0.0005801 -0.0028310 -0.0007412 -0.0017075 -0.0003873 -0.0012626 -0.0010424 -0.0024987 -0.0027062 -0.0027951 -0.0006428 -0.0025957 -0.0004348 -0.0027208 -0.0000932 -0.0031380 -0.0007189 -0.0008047 -0.0001269 -0.0026263 -0.0030246 -0.0000213 -0.0004393 -0.0000160 -0.0003451 -0.0031615 -0.0029760 -0.0005848 -0.0000356 -0.0031453 -0.0004894 -0.0030987 0.0000452 -0.0032213 -0.0004285 -0.0035090 -0.0040172 -0.0005268 -0.0003623 -0.0001920 -0.0000351 0.0000240 -0.0001683 -0.0001532 -0.0000032 -0.0000122 -0.0008067 -0.0004553 -0.0000061 -0.0005848 -0.0000270 0.0002669 -0.0000034 -0.0019069 -0.0009426 -0.0000062 -0.0000959 -0.0008520 -0.0000357 -0.0004668 -0.0000188 -0.0014177 0.0000427 0.0001364 -0.0014650 0.0000695 0.0002768 0.0000487 -0.0004288 -0.0027818 -0.0002701 0.0003114 0.0001272 0.0002607 -0.0002184 -0.0000194 0.0001637 -0.0011776 -0.0009504 -0.0013518 -0.0016760 -0.0016294 -0.0006785 -0.0026785 -0.0024780 -0.0019122 -0.0001798 -0.0001922 -0.0003140 -0.0029360 -0.0022385 -0.0025806 -0.0016483 0.0001108 -0.0027031 -0.0024134 -0.0010550 -0.0014909 -0.0019911 -0.0006363 -0.0008925 -0.0004616
0.0332330 0.0324621 0.0239712 0.0192824 0.0186762 0.0038716 1.0381397 0.0299974 0.0027779 0.0210532 0.0254236 0.0174897 0.0174608 0.0224976 0.0127049 0.0217489 0.0160635 0.0326604 0.0223918 0.0347133 0.0208177 0.0332343 0.0197500 0.0233418 0.0183353 0.0117037 0.0267587 0.0277269 0.0104512 0.0072434 0.0088109 0.0173347 0.0219915 0.0052936 0.0128713 0.0241456 0.0178690 0.0277008 0.0252818 0.0352544 0.0328240 0.0211432 0.0251743 0.0184187 0.0184701 0.0145434 0.0112944 0.0159469 0.0242474 0.0187496 0.0132782 0.0111021 0.0257473 0.0122075 0.0078337 0.0110468 0.0343734 0.0270608 0.0066947 0.0166651 0.0361360 0.0328041 0.0344728 0.0203505 0.0143574 0.0127356 0.0163991 0.0118995 0.0217105 0.0145228 0.0150461 0.0166297 0.0155766 0.0207407 0.0104349 0.0138925 0.0178215 0.0259496 0.0140799 0.0113053 0.0234277 0.0291568 0.0275717 0.0137049 0.0154000 0.0235474 0.0114765 0.0189286 0.0168337 0.0323003 0.0283103 0.0215786 0.0271698 0.0161312 -0.0201135 -0.0249718 -0.0226019 -0.0171744 -0.0158102 -0.0154566 -0.0128990 -0.0191775 -0.0157640 -0.0201354 -0.0230668 -0.0132103 -0.0058595 -0.0152795 -0.0177971 -0.0131980 -0.0150282 -0.0156867 -0.0199341 -0.0164543 -0.0086520 -0.0161130 -0.0076675 0.0001235 -0.0055801 -0.0159278 -0.0042395 -0.0191534 -0.0062532 -0.0130408 -0.0031901 -0.0096817 -0.0077778 -0.0169788 -0.0183762 -0.0183761 -0.0046075 -0.0173348 -0.0032102 -0.0180691 -0.0006899 -0.0200573 -0.0052951 -0.0060174 -0.0009374 -0.0177931 -0.0194219 -0.0001719 -0.0032626 -0.0001213 -0.0024650 -0.0194154 -0.0180487 -0.0041803 -0.0005390 -0.0201345 -0.0039680 -0.0189174 0.0000449 -0.0203031 -0.0030854 -0.0223428 -0.0248824 -0.0038791 -0.0028381 -0.0020099 -0.0002465 0.0001686 -0.0019066 -0.0010788 -0.0000003 -0.0000885 -0.0071673 -0.0046138 -0.0000422 -0.0052181 -0.0001973 0.0014389 -0.0000120 -0.0149815 -0.0075975 -0.0000534 -0.0007129 -0.0070105 -0.0019499 -0.0037822 -0.0001274 -0.0114236 -0.0004205 0.0003237 -0.0113778 0.0005211 0.0017537 0.0003211 -0.0037420 -0.0212298 -0.0021115 0.0018856 0.0001700 0.0015292 -0.0015858 -0.0001237 0.0007962 -0.0090637 -0.0077274 -0.0096269 -0.0133666 -0.0130560 -0.0069590 -0.0210700 -0.0201640 -0.0146423 -0.0012836 -0.0013593 -0.0026598 -0.0220297 -0.0169115 -0.0187427 -0.0122482 0.0000699 -0.0202898 -0.0176548 -0.0085449 -0.0116204 -0.0150984 -0.0061002 -0.0075063 -0.0041839
0.0392251 0.0383892 0.0278466 0.0225746 0.0227498 0.0044719 0.0299974 1.0756265 0.0032915 0.0251844 0.0311984 0.0217157 0.0222144 0.0263990 0.0165284 0.0257937 0.0192927 0.0388664 0.0276992 0.0407248 0.0249112 0.0389786 0.0243369 0.0288588 0.0225900 0.0141841 0.0313335 0.0322680 0.0149088 0.0114651 0.0127145 0.0206677 0.0270732 0.0061924 0.0153034 0.0282727 0.0217577 0.0323183 0.0294657 0.0414714 0.0388699 0.0255636 0.0302127 0.0223305 0.0216582 0.0188598 0.0145824 0.0202027 0.0299667 0.0231094 0.0170740 0.0141736 0.0309626 0.0162681 0.0102303 0.0141337 0.0401553 0.0314651 0.0111078 0.0190215 0.0421563 0.0384107 0.0404511 0.0241783 0.0173350 0.0157517 0.0205159 0.0156092 0.0268754 0.0185181 0.0181480 0.0193854 0.0190233 0.0246671 0.0131039 0.0165009 0.0214827 0.0317394 0.0171038 0.0150323 0.0285736 0.0348711 0.0329001 0.0171819 0.0183301 0.0278699 0.0148051 0.0220258 0.0200907 0.0381650 0.0342056 0.0257023 0.0318055 0.0194244 -0.0233296 -0.0275365 -0.0264885 -0.0212861 -0.0189011 -0.0180434 -0.0150315 -0.0238105 -0.0191044 -0.0236049 -0.0260162 -0.0153230 -0.0063602 -0.0180329 -0.0209083 -0.0149507 -0.0170900 -0.0180649 -0.0237646 -0.0188572 -0.0103942 -0.0186513 -0.0089890 0.0001786 -0.0064321 -0.0190745 -0.0049936 -0.0215467 -0.0068097 -0.0132014 -0.0037104 -0.0113022 -0.0090028 -0.0207970 -0.0208133 -0.0213271 -0.0058806 -0.0204286 -0.0036989 -0.0208682 -0.0007650 -0.0236634 -0.0060228 -0.0066186 -0.0010406 -0.0196763 -0.0237702 -0.0001936 -0.0037839 -0.0001527 -0.0027089 -0.0229588 -0.0225953 -0.0047621 -0.0003481 -0.0237040 -0.0043072 -0.0230518 0.0000422 -0.0238556 -0.0035372 -0.0252807 -0.0281401 -0.0043960 -0.0035791 -0.0020802 -0.0002922 0.0001876 -0.0019621 -0.0013008 -0.0000188 -0.0001012 -0.0074605 -0.0044409 -0.0000561 -0.0049589 -0.0002309 0.0020013 -0.0000162 -0.0171303 -0.0078521 -0.0000541 -0.0008006 -0.0074593 -0.0011634 -0.0037257 -0.0001519 -0.0119640 -0.0000188 0.0007819 -0.0121195 0.0005857 0.0020148 0.0001381 -0.0045476 -0.0226526 -0.0022743 0.0025197 0.0011126 0.0020388 -0.0018448 -0.0001733 0.0011458 -0.0113001 -0.0090461 -0.0115062 -0.0151422 -0.0142660 -0.0071352 -0.0227627 -0.0214968 -0.0177454 -0.0014845 -0.0016134 -0.0032305 -0.0246846 -0.0189448 -0.0215495 -0.0145180 0.0007039 -0.0235018 -0.0190968 -0.0085682 -0.0135210 -0.0177535 -0.0057247 -0.0078164 -0.0043818
0.0033773 0.0033504 0.0026667 0.0023722 0.0023396 0.0003858 0.0027779 0.0032915 1.0031786 0.0024527 0.0028654 0.0022530 0.0024106 0.0025514 0.0019052 0.0025570 0.0021090 0.0033965 0.0026533 0.0035745 0.0024747 0.0033668 0.0024554 0.0027391 0.0023475 0.0017403 0.0028745 0.0029955 0.0018025 0.0014870 0.0017364 0.0022058 0.0025932 0.0005391 0.0018205 0.0026857 0.0023010 0.0029506 0.0027916 0.0036430 0.0034101 0.0025186 0.0027842 0.0022487 0.0022225 0.0020232 0.0018182 0.0021251 0.0028327 0.0024299 0.0019328 0.0016636 0.0029899 0.0018526 0.0014535 0.0017758 0.0036137 0.0027349 0.0014401 0.0021117 0.0036821 0.0033629 0.0034985 0.0023458 0.0018686 0.0019411 0.0021712 0.0017912 0.0026283 0.0020366 0.0019730 0.0021120 0.0020388 0.0024601 0.0017460 0.0019001 0.0022786 0.0029325 0.0019858 0.0017261 0.0026425 0.0031159 0.0029377 0.0019006 0.0020542 0.0026026 0.0017558 0.0022803 0.0020776 0.0032959 0.0029509 0.0024691 0.0028763 0.0020298 -0.0022601 -0.0029920 -0.0026969 -0.0020899 -0.0016969 -0.0017163 -0.0014237 -0.0023152 -0.0017247 -0.0022507 -0.0026348 -0.0014452 -0.0005739 -0.0016933 -0.0020203 -0.0013861 -0.0015492 -0.0017260 -0.0023242 -0.0018042 -0.0008871 -0.0017420 -0.0008106 0.0000128 -0.0005176 -0.0017654 -0.0003320 -0.0020516 -0.0005836 -0.0012758 -0.0003102 -0.0009563 -0.0006797 -0.0018676 -0.0019673 -0.0020722 -0.0004817 -0.0019086 -0.0003133 -0.0019761 -0.0000669 -0.0022857 -0.0005374 -0.0006192 -0.0000336 -0.0019123 -0.0021921 -0.0000129 -0.0003232 -0.0000088 -0.0002525 -0.0022887 -0.0021855 -0.0004206 -0.0000076 -0.0022765 -0.0003481 -0.0022394 0.0000039 -0.0023827 -0.0003033 -0.0025841 -0.0029440 -0.0003872 -0.0002886 -0.0001115 -0.0000257 0.0000172 -0.0001318 -0.0001111 -0.0000020 -0.0000094 -0.0006309 -0.0003150 -0.0000049 -0.0004294 -0.0000200 0.0001816 -0.0000016 -0.0014276 -0.0006622 -0.0000053 -0.0000713 -0.0006433 -0.0000778 -0.0003402 -0.0000128 -0.0010293 -0.0000005 0.0000667 -0.0010743 0.0000528 0.0001799 0.0000570 -0.0003277 -0.0020078 -0.0001872 0.0002271 0.0001145 0.0001799 -0.0001515 -0.0000134 0.0001000 -0.0008677 -0.0006760 -0.0009650 -0.0012465 -0.0011731 -0.0005463 -0.0019384 -0.0018606 -0.0014390 -0.0001241 -0.0001358 -0.0002153 -0.0021654 -0.0015880 -0.0018636 -0.0012286 0.0000808 -0.0020086 -0.0017684 -0.0007632 -0.0010908 -0.0014596 -0.0004738 -0.0006484 -0.0002800
0.0292517 0.0284036 0.0193314 0.0145036 0.0157558 0.0033708 0.0210532 0.0251844 0.0024527 1.0167619 0.0210859 0.0146189 0.0148031 0.0190480 0.0108234 0.0181070 0.0134777 0.0285290 0.0182749 0.0301258 0.0175652 0.0288728 0.0169846 0.0198017 0.0138237 0.0093165 0.0225046 0.0217935 0.0082053 0.0061973 0.0075234 0.0145929 0.0190830 0.0047353 0.0100544 0.0202965 0.0155040 0.0231277 0.0216308 0.0305547 0.0285394 0.0174520 0.0215822 0.0151441 0.0152587 0.0116098 0.0091428 0.0140484 0.0199185 0.0162276 0.0107348 0.0086803 0.0214276 0.0108610 0.0080810 0.0091843 0.0299252 0.0238050 0.0041529 0.0131801 0.0310835 0.0286914 0.0297004 0.0165118 0.0121294 0.0096188 0.0137482 0.0100405 0.0193866 0.0116432 0.0119453 0.0135953 0.0124693 0.0180855 0.0086801 0.0109988 0.0147194 0.0210771 0.0121814 0.0095935 0.0196763 0.0242557 0.0224847 0.0115784 0.0123985 0.0198259 0.0095588 0.0163757 0.0134829 0.0280802 0.0239578 0.0185784 0.0238399 0.0133198 -0.0173172 -0.0218767 -0.0191608 -0.0157725 -0.0143094 -0.0133464 -0.0117383 -0.0170440 -0.0130474 -0.0185489 -0.0202061 -0.0124554 -0.0060984 -0.0130944 -0.0159494 -0.0122363 -0.0122089 -0.0138811 -0.0176103 -0.0146847 -0.0094744 -0.0136110 -0.0077335 0.0001120 -0.0057401 -0.0145781 -0.0038502 -0.0158427 -0.0058248 -0.0115017 -0.0040036 -0.0089082 -0.0067565 -0.0150461 -0.0148282 -0.0164323 -0.0048070 -0.0151781 -0.0027883 -0.0155577 -0.0006133 -0.0183557 -0.0047742 -0.0064201 -0.0009666 -0.0160257 -0.0167982 -0.0001366 -0.0029270 -0.0001057 -0.0022249 -0.0165957 -0.0169764 -0.0038156 -0.0004927 -0.0175282 -0.0036043 -0.0170521 0.0000177 -0.0181910 -0.0030626 -0.0200949 -0.0212660 -0.0033964 -0.0046009 -0.0026704 -0.0002380 0.0001497 -0.0031376 -0.0009959 -0.0000237 -0.0000793 -0.0071334 -0.0042498 -0.0000450 -0.0051493 -0.0001760 0.0008925 -0.0000141 -0.0137604 -0.0073294 -0.0000448 -0.0006108 -0.0074068 -0.0016517 -0.0038845 -0.0001054 -0.0104162 -0.0013004 -0.0002645 -0.0109726 0.0004536 0.0011967 -0.0004031 -0.0045731 -0.0192976 -0.0019608 0.0015181 -0.0001446 0.0012058 -0.0013726 -0.0001147 0.0001716 -0.0097635 -0.0082244 -0.0097355 -0.0113448 -0.0119971 -0.0071760 -0.0185311 -0.0186742 -0.0129594 -0.0011660 -0.0012347 -0.0027293 -0.0196412 -0.0151622 -0.0167586 -0.0115292 -0.0007234 -0.0181183 -0.0162605 -0.0072122 -0.0109107 -0.0141905 -0.0058937 -0.0073245 -0.0046001
0.0342762 0.0334220 0.0237855 0.0190963 0.0187926 0.0039860 0.0254236 0.0311984 0.0028654 0.0210859 1.0425426 0.0175823 0.0182012 0.0227536 0.0131062 0.0214344 0.0166517 0.0338438 0.0230434 0.0356514 0.0220130 0.0340925 0.0205607 0.0249317 0.0192555 0.0119976 0.0265432 0.0273925 0.0114561 0.0080126 0.0103294 0.0179476 0.0232606 0.0054781 0.0126987 0.0243939 0.0183915 0.0284758 0.0255821 0.0358546 0.0338433 0.0215562 0.0258139 0.0184238 0.0179374 0.0144266 0.0125867 0.0162134 0.0248475 0.0191701 0.0143810 0.0109731 0.0270033 0.0134496 0.0078977 0.0116947 0.0355803 0.0278151 0.0077569 0.0160226 0.0369310 0.0338996 0.0351893 0.0203489 0.0145914 0.0127392 0.0175393 0.0120305 0.0231876 0.0154956 0.0151725 0.0166620 0.0159579 0.0214121 0.0109290 0.0136727 0.0179622 0.0281654 0.0143303 0.0124675 0.0237477 0.0293194 0.0281583 0.0150392 0.0157081 0.0246565 0.0118093 0.0199806 0.0175743 0.0332110 0.0292132 0.0218789 0.0277623 0.0161839 -0.0207753 -0.0256317 -0.0235883 -0.0174853 -0.0162772 -0.0158888 -0.0135814 -0.0200452 -0.0163557 -0.0199349 -0.0229074 -0.0124681 -0.0058244 -0.0156284 -0.0188933 -0.0135641 -0.0156047 -0.0161970 -0.0209845 -0.0173221 -0.0095943 -0.0153330 -0.0090153 0.0002004 -0.0059288 -0.0164204 -0.0045377 -0.0184203 -0.0059505 -0.0120252 -0.0034803 -0.0093531 -0.0080895 -0.0181053 -0.0175109 -0.0187299 -0.0053813 -0.0179533 -0.0032635 -0.0186381 -0.0007532 -0.0214171 -0.0054611 -0.0056715 -0.0009871 -0.0184311 -0.0204226 -0.0001529 -0.0033500 -0.0001340 -0.0025758 -0.0205250 -0.0196855 -0.0044786 -0.0005261 -0.0189502 -0.0039130 -0.0194881 0.0000266 -0.0213007 -0.0032434 -0.0223464 -0.0250540 -0.0039801 -0.0037494 -0.0024731 -0.0002581 0.0001746 -0.0023649 -0.0011646 -0.0000173 -0.0001041 -0.0077218 -0.0040318 -0.0000541 -0.0055875 -0.0002056 0.0010354 -0.0000051 -0.0153258 -0.0070549 -0.0000539 -0.0007269 -0.0074677 -0.0016380 -0.0040352 -0.0001341 -0.0114260 -0.0004391 -0.0000034 -0.0117683 0.0005387 0.0015933 0.0000647 -0.0043897 -0.0202822 -0.0020946 0.0019711 0.0002016 0.0017679 -0.0016229 -0.0001444 0.0006514 -0.0099469 -0.0079555 -0.0112240 -0.0135051 -0.0130239 -0.0067886 -0.0203679 -0.0201706 -0.0153826 -0.0013369 -0.0014630 -0.0026366 -0.0225680 -0.0176355 -0.0205441 -0.0131133 0.0000709 -0.0207691 -0.0174059 -0.0077752 -0.0121979 -0.0162946 -0.0051269 -0.0070918 -0.0044159
0.0263022 0.0256226 0.0172024 0.0121226 0.0124933 0.0030800 0.0174897 0.0217157 0.0022530 0.0146189 0.0175823 1.0213071 0.0127390 0.0156338 0.0088819 0.0146884 0.0111765 0.0257905 0.0142581 0.0266980 0.0137264 0.0259486 0.0144754 0.0148903 0.0117743 0.0071410 0.0188049 0.0189523 0.0072426 0.0036415 0.0046300 0.0129010 0.0153190 0.0042443 0.0085103 0.0174778 0.0121596 0.0197924 0.0182977 0.0268517 0.0258291 0.0148441 0.0184073 0.0122305 0.0116352 0.0083381 0.0061989 0.0102750 0.0177495 0.0122939 0.0095738 0.0054099 0.0183506 0.0082325 0.0035964 0.0066526 0.0262923 0.0216494 0.0043113 0.0102886 0.0279154 0.0260134 0.0267870 0.0139966 0.0095203 0.0082614 0.0106879 0.0060390 0.0158513 0.0092295 0.0090977 0.0109444 0.0100776 0.0148246 0.0065397 0.0072836 0.0125141 0.0185424 0.0086109 0.0072658 0.0169649 0.0207706 0.0187432 0.0092386 0.0092891 0.0170207 0.0079893 0.0125737 0.0110159 0.0251966 0.0211216 0.0154016 0.0212389 0.0101904 -0.0155259 -0.0189408 -0.0166574 -0.0128437 -0.0123367 -0.0121578 -0.0115528 -0.0155952 -0.0128357 -0.0154647 -0.0171739 -0.0107044 -0.0067576 -0.0125279 -0.0143130 -0.0116858 -0.0118281 -0.0123919 -0.0162805 -0.0146937 -0.0083183 -0.0128689 -0.0080381 0.0001119 -0.0066491 -0.0131542 -0.0039484 -0.0136526 -0.0064589 -0.0100193 -0.0041775 -0.0086806 -0.0060280 -0.0129422 -0.0135853 -0.0144938 -0.0054197 -0.0142906 -0.0026218 -0.0136546 -0.0006129 -0.0150551 -0.0044942 -0.0059971 -0.0009710 -0.0130132 -0.0147945 -0.0001458 -0.0028298 -0.0001625 -0.0020936 -0.0145927 -0.0161335 -0.0035243 -0.0004910 -0.0159791 -0.0036731 -0.0148283 0.0000398 -0.0162739 -0.0030025 -0.0167956 -0.0188192 -0.0031775 -0.0045138 -0.0035020 -0.0002072 0.0001179 -0.0034031 -0.0008994 0.0000295 -0.0000796 -0.0073125 -0.0051857 -0.0000522 -0.0065191 -0.0001621 0.0002316 -0.0000160 -0.0137978 -0.0077593 -0.0000400 -0.0005932 -0.0078378 -0.0026929 -0.0051835 -0.0001045 -0.0103016 -0.0020051 -0.0012121 -0.0108526 0.0004074 0.0008320 -0.0013501 -0.0051938 -0.0185577 -0.0018513 0.0009314 -0.0015674 0.0008993 -0.0012835 -0.0001361 -0.0006919 -0.0094157 -0.0087474 -0.0103804 -0.0099205 -0.0118197 -0.0073553 -0.0175762 -0.0181229 -0.0140837 -0.0010538 -0.0011269 -0.0027518 -0.0201255 -0.0145733 -0.0168638 -0.0119935 -0.0020814 -0.0171757 -0.0170427 -0.0068735 -0.0106255 -0.0129406 -0.0058792 -0.0076451 -0.0060047
0.0268495 0.0261732 0.0163423 0.0125517 0.0133524 0.0031711 0.0174608 0.0222144 0.0024106 0.0148031 0.0182012 0.0127390 1.0155706 0.0160769 0.0086876 0.0155311 0.0107922 0.0266268 0.0154335 0.0280831 0.0147948 0.0266905 0.0144500 0.0161030 0.0115920 0.0075345 0.0195252 0.0192240 0.0072343 0.0037350 0.0065617 0.0133667 0.0174012 0.0044230 0.0081689 0.0176074 0.0129108 0.0200222 0.0170443 0.0276994 0.0266468 0.0166694 0.0194736 0.0128255 0.0127245 0.0086447 0.0061115 0.0101674 0.0167325 0.0120685 0.0087795 0.0052289 0.0204928 0.0086881 0.0048157 0.0086636 0.0271565 0.0222185 0.0032842 0.0100145 0.0290123 0.0266169 0.0277248 0.0155388 0.0095313 0.0089463 0.0110464 0.0077350 0.0163214 0.0093622 0.0097909 0.0114790 0.0094646 0.0158113 0.0075193 0.0086322 0.0114051 0.0180259 0.0098988 0.0076278 0.0176640 0.0215325 0.0197175 0.0095239 0.0101087 0.0173127 0.0073216 0.0135975 0.0116802 0.0260841 0.0214660 0.0163201 0.0211471 0.0101637 -0.0157026 -0.0198139 -0.0170151 -0.0141581 -0.0140599 -0.0132135 -0.0109706 -0.0153579 -0.0128076 -0.0156240 -0.0170940 -0.0115956 -0.0065663 -0.0121396 -0.0144243 -0.0111050 -0.0127776 -0.0129285 -0.0146208 -0.0138768 -0.0084320 -0.0132261 -0.0077416 0.0001163 -0.0068847 -0.0143122 -0.0039835 -0.0152325 -0.0066207 -0.0112060 -0.0045661 -0.0086855 -0.0073978 -0.0147773 -0.0148308 -0.0151822 -0.0053410 -0.0135568 -0.0026918 -0.0143181 -0.0006139 -0.0167003 -0.0045843 -0.0068235 -0.0009826 -0.0138962 -0.0156244 -0.0001391 -0.0028129 -0.0001434 -0.0020930 -0.0156855 -0.0144900 -0.0039783 -0.0005435 -0.0158003 -0.0035780 -0.0143945 0.0000092 -0.0157961 -0.0031565 -0.0160455 -0.0194676 -0.0032570 -0.0048036 -0.0034260 -0.0002161 0.0001337 -0.0045764 -0.0009583 -0.0000249 -0.0000925 -0.0080536 -0.0056811 -0.0000490 -0.0064230 -0.0001650 0.0003971 -0.0000093 -0.0134354 -0.0083794 -0.0000415 -0.0006061 -0.0078937 -0.0025199 -0.0052549 -0.0001045 -0.0108162 -0.0021773 -0.0014570 -0.0112112 0.0004339 0.0008089 -0.0013832 -0.0050943 -0.0177279 -0.0020319 0.0008766 -0.0018877 0.0008799 -0.0013056 -0.0000934 -0.0010755 -0.0105007 -0.0083781 -0.0100078 -0.0102002 -0.0119039 -0.0078659 -0.0172099 -0.0194592 -0.0140003 -0.0010785 -0.0011630 -0.0022252 -0.0199640 -0.0154580 -0.0167928 -0.0125391 -0.0020125 -0.0166059 -0.0166761 -0.0074378 -0.0117423 -0.0139272 -0.0069790 -0.0081658 -0.0051433
0.0309935 0.0300255 0.0204851 0.0168637 0.0162049 0.0035709 0.0224976 0.0263990 0.0025514 0.0190480 0.0227536 0.0156338 0.0160769 1.0303179 0.0117189 0.0194521 0.0141541 0.0301955 0.0201290 0.0317872 0.0189971 0.0304122 0.0180069 0.0204880 0.0154481 0.0086709 0.0230028 0.0235567 0.0094302 0.0066537 0.0079765 0.0146143 0.0202040 0.0050053 0.0105225 0.0211020 0.0158990 0.0247129 0.0225142 0.0320538 0.0302491 0.0192287 0.0223419 0.0158847 0.0158005 0.0115105 0.0097447 0.0142849 0.0210457 0.0160385 0.0115316 0.0093804 0.0231647 0.0101885 0.0089182 0.0095637 0.0313518 0.0248966 0.0053782 0.0134775 0.0332324 0.0305044 0.0316689 0.0177863 0.0121432 0.0104696 0.0149259 0.0100659 0.0207051 0.0121418 0.0126831 0.0152716 0.0125854 0.0183947 0.0097491 0.0113880 0.0151779 0.0228309 0.0122860 0.0099634 0.0211562 0.0255586 0.0240564 0.0120211 0.0138302 0.0204616 0.0100863 0.0168110 0.0147934 0.0298424 0.0256426 0.0198820 0.0243354 0.0134149 -0.0181796 -0.0238476 -0.0209081 -0.0164049 -0.0143972 -0.0145793 -0.0122718 -0.0175236 -0.0166996 -0.0181299 -0.0200331 -0.0123946 -0.0067967 -0.0149038 -0.0168307 -0.0130747 -0.0133989 -0.0140276 -0.0185147 -0.0149062 -0.0088912 -0.0145399 -0.0079515 0.0001568 -0.0053468 -0.0152865 -0.0042763 -0.0181431 -0.0067549 -0.0118937 -0.0035248 -0.0093442 -0.0072626 -0.0160662 -0.0158741 -0.0163643 -0.0053753 -0.0163837 -0.0030326 -0.0169688 -0.0005469 -0.0187133 -0.0050608 -0.0064021 -0.0009828 -0.0160612 -0.0183113 -0.0001359 -0.0030836 -0.0001200 -0.0022865 -0.0177060 -0.0176536 -0.0040991 -0.0004517 -0.0183357 -0.0036696 -0.0183220 0.0000755 -0.0187222 -0.0031543 -0.0191905 -0.0229873 -0.0036580 -0.0042231 -0.0025049 -0.0002270 0.0001592 -0.0028492 -0.0010603 -0.0000195 -0.0000904 -0.0070042 -0.0047042 -0.0000549 -0.0053827 -0.0001832 0.0008571 -0.0000065 -0.0146255 -0.0082990 -0.0000381 -0.0006669 -0.0069526 -0.0021196 -0.0039377 -0.0001170 -0.0109809 -0.0011859 -0.0004126 -0.0111877 0.0004832 0.0012534 -0.0006907 -0.0045034 -0.0191483 -0.0019162 0.0017726 -0.0004912 0.0011962 -0.0014852 -0.0001456 0.0001222 -0.0099995 -0.0076976 -0.0108855 -0.0124425 -0.0111808 -0.0066031 -0.0190978 -0.0188577 -0.0143371 -0.0012334 -0.0012950 -0.0037999 -0.0181063 -0.0155584 -0.0180671 -0.0122028 -0.0003835 -0.0182759 -0.0172685 -0.0092951 -0.0101841 -0.0153579 -0.0059195 -0.0076287 -0.0041644
0.0216273 0.0214408 0.0113387 0.0096031 0.0097023 0.0025769 0.0127049 0.0165284 0.0019052 0.0108234 0.0131062 0.0088819 0.0086876 0.0117189 1.0166425 0.0114024 0.0088290 0.0214063 0.0106077 0.0224584 0.0101868 0.0218201 0.0112515 0.0121309 0.0071324 0.0066862 0.0150243 0.0132091 0.0045849 0.0021689 0.0031277 0.0103676 0.0112988 0.0036718 0.0045694 0.0143055 0.0115857 0.0156700 0.0129559 0.0220815 0.0214406 0.0116851 0.0146257 0.0092822 0.0093496 0.0060619 0.0040670 0.0108006 0.0117090 0.0094106 0.0055752 0.0032417 0.0129345 0.0070926 0.0026492 0.0045784 0.0220966 0.0183421 0.0048224 0.0073899 0.0235994 0.0218724 0.0221088 0.0114796 0.0065131 0.0052245 0.0081310 0.0058450 0.0130873 0.0065974 0.0067517 0.0082708 0.0061756 0.0121291 0.0056651 0.0074247 0.0090787 0.0137088 0.0081427 0.0061878 0.0128453 0.0162113 0.0145267 0.0074055 0.0075168 0.0127319 0.0048172 0.0113217 0.0082664 0.0211072 0.0166177 0.0125430 0.0172354 0.0077843 -0.0139780 -0.0164413 -0.0142180 -0.0128559 -0.0105957 -0.0117935 -0.0109674 -0.0129330 -0.0116825 -0.0138408 -0.0146159 -0.0105456 -0.0072327 -0.0118629 -0.0129312 -0.0103934 -0.0109263 -0.0113627 -0.0145180 -0.0105969 -0.0090197 -0.0114009 -0.0074805 0.0000211 -0.0061915 -0.0122822 -0.0035520 -0.0119614 -0.0064215 -0.0092436 -0.0047150 -0.0083424 -0.0075905 -0.0119839 -0.0122376 -0.0131105 -0.0059865 -0.0131414 -0.0022210 -0.0133154 -0.0005091 -0.0131954 -0.0039269 -0.0076651 -0.0010555 -0.0114268 -0.0122097 -0.0001287 -0.0024909 -0.0001574 -0.0018429 -0.0137142 -0.0132471 -0.0036002 -0.0006263 -0.0131913 -0.0032653 -0.0128420 -0.0000116 -0.0133307 -0.0028893 -0.0151809 -0.0155746 -0.0027496 -0.0057695 -0.0043734 -0.0001737 0.0000930 -0.0044608 -0.0008075 -0.0000185 -0.0000589 -0.0079164 -0.0058571 -0.0000428 -0.0070853 -0.0001311 -0.0000744 -0.0000076 -0.0130751 -0.0089768 -0.0000241 -0.0004980 -0.0079455 -0.0036864 -0.0052621 -0.0000907 -0.0106626 -0.0029467 -0.0022882 -0.0098159 0.0003623 0.0005002 -0.0017849 -0.0054855 -0.0160646 -0.0017362 0.0001289 -0.0025458 0.0007431 -0.0011085 -0.0001104 -0.0015523 -0.0090361 -0.0089160 -0.0105902 -0.0122188 -0.0086142 -0.0075734 -0.0153154 -0.0167789 -0.0120524 -0.0009085 -0.0010115 -0.0048317 -0.0163629 -0.0131199 -0.0156349 -0.0119221 -0.0024166 -0.0156966 -0.0145379 -0.0086520 -0.0093094 -0.0128056 -0.0073554 -0.0090305 -0.0060609
0.0298907 0.0293414 0.0204580 0.0161334 0.0157014 0.0034479 0.0217489 0.0257937 0.0025570 0.0181070 0.0214344 0.0146884 0.0155311 0.0194521 0.0114024 1.0179305 0.0136898 0.0292314 0.0190350 0.0311676 0.0174712 0.0296095 0.0171613 0.0201187 0.0149085 0.0090834 0.0229715 0.0230251 0.0087665 0.0061406 0.0084291 0.0155836 0.0186610 0.0048158 0.0103066 0.0206309 0.0158657 0.0251319 0.0218022 0.0311242 0.0292630 0.0184461 0.0210826 0.0150442 0.0156625 0.0112789 0.0094223 0.0139567 0.0217985 0.0155239 0.0119283 0.0087291 0.0220739 0.0116975 0.0070462 0.0094210 0.0304818 0.0243856 0.0064781 0.0145716 0.0322282 0.0295495 0.0303555 0.0175986 0.0119945 0.0114545 0.0139549 0.0104597 0.0196584 0.0119855 0.0124835 0.0139902 0.0125230 0.0171077 0.0090254 0.0112724 0.0139748 0.0222714 0.0124592 0.0094812 0.0200593 0.0246987 0.0230604 0.0120019 0.0118800 0.0206474 0.0097051 0.0168445 0.0143399 0.0288480 0.0245001 0.0181072 0.0239860 0.0126527 -0.0181976 -0.0231753 -0.0201265 -0.0150566 -0.0135706 -0.0142398 -0.0120129 -0.0178669 -0.0144266 -0.0166377 -0.0204161 -0.0114051 -0.0059944 -0.0133069 -0.0154046 -0.0125353 -0.0132072 -0.0143399 -0.0184018 -0.0148182 -0.0087262 -0.0141111 -0.0083988 0.0000938 -0.0064508 -0.0141864 -0.0042445 -0.0153415 -0.0061662 -0.0115621 -0.0041374 -0.0091678 -0.0079609 -0.0158882 -0.0142519 -0.0166014 -0.0057555 -0.0154607 -0.0028938 -0.0154766 -0.0006461 -0.0180696 -0.0049048 -0.0065725 -0.0011505 -0.0144647 -0.0182594 -0.0001435 -0.0031347 -0.0001279 -0.0023111 -0.0176498 -0.0158623 -0.0040451 -0.0004464 -0.0172550 -0.0038428 -0.0166214 0.0000347 -0.0172548 -0.0031800 -0.0189811 -0.0212761 -0.0034833 -0.0044127 -0.0028652 -0.0002261 0.0001644 -0.0031616 -0.0010324 -0.0000258 -0.0000788 -0.0074732 -0.0056088 -0.0000514 -0.0057406 -0.0001837 0.0007122 -0.0000133 -0.0141025 -0.0080036 -0.0000474 -0.0006493 -0.0074078 -0.0021252 -0.0046043 -0.0001138 -0.0110437 -0.0016090 -0.0003172 -0.0108703 0.0004656 0.0009942 -0.0011885 -0.0047221 -0.0198135 -0.0020847 0.0012881 -0.0011191 0.0008442 -0.0014347 -0.0001180 -0.0003103 -0.0099956 -0.0080588 -0.0105687 -0.0126328 -0.0112963 -0.0071790 -0.0195134 -0.0192658 -0.0136675 -0.0011948 -0.0012695 -0.0041960 -0.0179896 -0.0156489 -0.0176194 -0.0125454 -0.0009902 -0.0180050 -0.0174423 -0.0084480 -0.0114557 -0.0142599 -0.0061439 -0.0073826 -0.0046619
0.0244635 0.0240607 0.0153398 0.0137865 0.0123573 0.0029156 0.0160635 0.0192927 0.0021090 0.0134777 0.0166517 0.0111765 0.0107922 0.0141541 0.0088290 0.0136898 0.9955088 0.0240312 0.0151280 0.0254798 0.0140361 0.0238796 0.0140837 0.0150097 0.0100486 0.0064375 0.0182484 0.0176878 0.0055635 0.0037320 0.0060785 0.0118060 0.0153928 0.0040705 0.0066655 0.0163954 0.0130209 0.0185489 0.0174559 0.0254959 0.0246045 0.0148581 0.0181588 0.0121786 0.0134527 0.0083992 0.0067682 0.0096925 0.0154275 0.0135263 0.0078331 0.0058408 0.0171460 0.0086808 0.0043408 0.0078330 0.0247362 0.0203674 0.0023530 0.0095776 0.0261587 0.0243990 0.0252899 0.0143116 0.0088858 0.0085567 0.0109659 0.0078842 0.0156530 0.0099399 0.0100749 0.0105052 0.0091443 0.0149690 0.0069589 0.0087822 0.0124308 0.0163095 0.0102809 0.0070764 0.0159652 0.0191041 0.0182733 0.0101686 0.0096521 0.0162016 0.0086933 0.0135007 0.0109550 0.0240021 0.0195645 0.0149068 0.0200891 0.0100486 -0.0152834 -0.0199996 -0.0168730 -0.0138585 -0.0122480 -0.0122343 -0.0111678 -0.0151029 -0.0119863 -0.0146415 -0.0171675 -0.0114246 -0.0061931 -0.0117485 -0.0138014 -0.0102153 -0.0118176 -0.0122590 -0.0149553 -0.0118517 -0.0079788 -0.0126125 -0.0066395 0.0000939 -0.0058021 -0.0129276 -0.0037019 -0.0137792 -0.0063279 -0.0101458 -0.0039505 -0.0080193 -0.0068535 -0.0131245 -0.0136201 -0.0148752 -0.0045438 -0.0138657 -0.0024756 -0.0140670 -0.0004290 -0.0149954 -0.0042408 -0.0065814 -0.0008419 -0.0122765 -0.0142497 -0.0001201 -0.0026545 -0.0001627 -0.0019127 -0.0159315 -0.0143872 -0.0036105 -0.0005699 -0.0160264 -0.0031528 -0.0147584 -0.0000006 -0.0149102 -0.0027286 -0.0158527 -0.0196183 -0.0029707 -0.0043376 -0.0028411 -0.0001673 0.0001194 -0.0034487 -0.0008570 -0.0000350 -0.0000806 -0.0064123 -0.0047943 -0.0000433 -0.0061817 -0.0001523 0.0005888 -0.0000174 -0.0119254 -0.0067753 -0.0000348 -0.0005404 -0.0070747 -0.0022894 -0.0046144 -0.0001030 -0.0100217 -0.0013885 -0.0007585 -0.0103947 0.0003955 0.0008921 -0.0010083 -0.0040390 -0.0173489 -0.0017450 0.0010470 -0.0013311 0.0010889 -0.0012029 -0.0001038 -0.0005282 -0.0082049 -0.0074797 -0.0104082 -0.0110663 -0.0087606 -0.0071223 -0.0176569 -0.0180072 -0.0124473 -0.0009995 -0.0010588 -0.0038828 -0.0161492 -0.0140818 -0.0151293 -0.0106496 -0.0017560 -0.0163436 -0.0153125 -0.0080847 -0.0088162 -0.0128673 -0.0060509 -0.0074246 -0.0049903
