Sample	1	2	3	4	5	6	7	8	9	10	11	12	13	14	15	16	17	18	19	20	21	22	23	24	25	26	27	28	29	30	31
Tzo-ABol_008-Ex1-8A-lcwgs-1-2-L3-fastp	94.90200827552063	4.832793084242581	0.24908719598985088	0.013870779815241213	0.0010136339095753193	0.00016004745940662938	0.00016004745940662938	0.0	5.3349153135543126e-05	5.3349153135543126e-05	0.0	5.3349153135543126e-05	0.0	5.3349153135543126e-05	0.00010669830627108625	0.0	0.0	5.3349153135543126e-05	0.0	0.0	5.3349153135543126e-05	0.0	5.3349153135543126e-05	0.0	0.0	0.0	0.0	5.3349153135543126e-05	5.3349153135543126e-05	0.0	0.00032009491881325876
Tzo-ABol_008-Ex1-8A-lcwgs-1-2-L4-fastp	95.17187078842537	4.596015793919862	0.21887561623560522	0.011004919252069537	0.0009037856390588508	0.00021265544448443547	0.0001594915833633266	0.00010632772224221773	5.316386112110887e-05	5.316386112110887e-05	5.316386112110887e-05	0.0	0.0	5.316386112110887e-05	5.316386112110887e-05	5.316386112110887e-05	0.0	0.0	0.0	0.0	0.0	5.316386112110887e-05	5.316386112110887e-05	0.0	0.0	0.0	5.316386112110887e-05	0.0	0.0	0.0	0.0003721470278477621
Tzo-ABol_008-Ex1-8A-lcwgs-1-2-L5-fastp	95.32121358324291	4.466584938498396	0.2010470242958951	0.008912889051609897	0.0008005588968511884	0.00016011177937023767	5.337059312341256e-05	0.00016011177937023767	0.00016011177937023767	5.337059312341256e-05	5.337059312341256e-05	0.00010674118624682512	0.0	0.00010674118624682512	5.337059312341256e-05	0.00010674118624682512	0.0	0.0	0.0	0.0	0.0	0.0	0.0	0.0	0.0	5.337059312341256e-05	0.0	5.337059312341256e-05	0.0	0.0	0.00032022355874047534
Tzo-ABol_008-Ex1-8A-lcwgs-1-2-L6-fastp	95.4576682093893	4.3254938484133545	0.2044094259982346	0.010418798686067845	0.0007404222416494915	0.00010577460594992735	0.0002115492118998547	5.288730297496368e-05	0.0	0.0	0.0	5.288730297496368e-05	5.288730297496368e-05	5.288730297496368e-05	0.0	5.288730297496368e-05	5.288730297496368e-05	0.0	5.288730297496368e-05	5.288730297496368e-05	5.288730297496368e-05	0.0	0.0	0.0	0.0	0.0	0.0	0.0	0.0	0.00010577460594992735	0.0003702111208247457
Tzo-ABol_008-Ex1-8A-lcwgs-1-2-L7-fastp	95.33778290664715	4.446063399738414	0.2035393831067657	0.01079699458707108	0.0006414056190339255	5.3450468252827136e-05	5.3450468252827136e-05	0.00010690093650565427	0.0	5.3450468252827136e-05	5.3450468252827136e-05	0.0	5.3450468252827136e-05	0.0	5.3450468252827136e-05	0.0	0.0	0.00010690093650565427	5.3450468252827136e-05	0.0	5.3450468252827136e-05	0.0	0.0	0.0	5.3450468252827136e-05	0.00010690093650565427	0.0	0.0	0.0	0.0	0.0003741532777697899
Tzo-ABol_008-Ex1-8A-lcwgs-1-2-L8-fastp	96.13981749471628	3.709550947640603	0.14322163520398853	0.005695686650969428	0.0002764896432509431	0.00016589378595056588	0.00011059585730037725	0.00011059585730037725	0.00011059585730037725	5.5297928650188624e-05	0.00011059585730037725	5.5297928650188624e-05	5.5297928650188624e-05	5.5297928650188624e-05	5.5297928650188624e-05	0.0	0.0	0.0	0.0	0.0	0.0	0.0	5.5297928650188624e-05	0.0	0.0	0.0	5.5297928650188624e-05	0.0	0.0	0.0	0.000442383429201509
Tzo-ABol_009-Ex1-9A-lcwgs-1-2-L3-fastp	93.9964386734679	5.635552858189651	0.34333513302153706	0.02173096918350049	0.0019497606934625231	0.00042540233311909596	7.090038885318266e-05	0.0	7.090038885318266e-05	0.0	0.0	0.0	3.545019442659133e-05	0.0	7.090038885318266e-05	0.0	0.0	0.0	0.0	3.545019442659133e-05	0.0	0.0	0.0	0.0	3.545019442659133e-05	0.0	0.0	0.0	0.0	0.0	0.0002481513609861393
Tzo-ABol_009-Ex1-9A-lcwgs-1-2-L4-fastp	94.30103564537846	5.362864518873421	0.3148308248030585	0.01897252305232212	0.001413223318608724	0.0001413223318608724	3.53305829652181e-05	0.0	3.53305829652181e-05	3.53305829652181e-05	7.06611659304362e-05	0.0001413223318608724	0.0	0.0	0.0	0.0	7.06611659304362e-05	0.0	0.0	0.0	0.0	0.0	0.0	0.0	3.53305829652181e-05	3.53305829652181e-05	0.0	3.53305829652181e-05	0.0	0.0	0.0002473140807565267
Tzo-ABol_009-Ex1-9A-lcwgs-1-2-L5-fastp	94.46487640201022	5.223683874862881	0.29170457798677424	0.017396689881149785	0.001098365348911697	0.000354311402874741	0.0001771557014373705	7.08622805749482e-05	0.0	0.00010629342086242231	3.54311402874741e-05	3.54311402874741e-05	0.0	3.54311402874741e-05	0.0	3.54311402874741e-05	0.0	0.0	0.0	7.08622805749482e-05	0.0	0.0	0.0	0.0	0.0	0.0	7.08622805749482e-05	0.0	0.0	0.0	0.0002480179820123187
Tzo-ABol_009-Ex1-9A-lcwgs-1-2-L6-fastp	94.55542764986427	5.136414234308528	0.2866268032474285	0.018716761915752056	0.0017942760483145768	0.00028145506640228656	0.0	0.00010554564990085745	3.518188330028582e-05	0.0	3.518188330028582e-05	7.036376660057164e-05	0.0	0.0	3.518188330028582e-05	0.0	0.0	7.036376660057164e-05	0.0	3.518188330028582e-05	0.0	0.0	0.0	0.0	7.036376660057164e-05	0.0	0.0	3.518188330028582e-05	0.0	3.518188330028582e-05	0.0002110912998017149
Tzo-ABol_009-Ex1-9A-lcwgs-1-2-L7-fastp	94.46214065890427	5.218937470749245	0.2981804257491739	0.017798641346740227	0.0017727730425040064	0.00017727730425040063	0.00017727730425040063	7.091092170016026e-05	0.00010636638255024039	7.091092170016026e-05	0.0	0.0	0.0	0.0	7.091092170016026e-05	3.545546085008013e-05	0.0	0.0	3.545546085008013e-05	0.0	3.545546085008013e-05	0.0	0.0	0.0	0.0	0.0	0.0	0.0	0.0	3.545546085008013e-05	0.00035455460850080127
Tzo-ABol_009-Ex1-9A-lcwgs-1-2-L8-fastp	95.37900852840754	4.397561561741156	0.21055725468931136	0.010684668448903398	0.0008751946852344082	0.00018233222609050168	7.293289043620068e-05	7.293289043620068e-05	3.646644521810034e-05	3.646644521810034e-05	3.646644521810034e-05	0.00010939933565430103	0.0	3.646644521810034e-05	0.0	7.293289043620068e-05	7.293289043620068e-05	3.646644521810034e-05	3.646644521810034e-05	0.0	0.0	0.0	0.0	0.0	0.0	0.0	3.646644521810034e-05	0.0	0.00010939933565430103	0.0	0.00036466445218100337
Tzo-ABol_010-Ex1-10A-lcwgs-1-2-L3-fastp	94.62967515243615	5.061722240463179	0.28818037574842836	0.01787804764843507	0.0014096152953573804	0.00027504688689900105	0.0001031425825871254	6.876172172475026e-05	0.0001031425825871254	0.0	3.438086086237513e-05	0.0	0.0	0.0	0.0001031425825871254	0.0	3.438086086237513e-05	0.0	0.0	6.876172172475026e-05	0.0	0.0	3.438086086237513e-05	3.438086086237513e-05	0.0	0.0	0.0001031425825871254	0.0	0.0	0.0	0.00017190430431187568
Tzo-ABol_010-Ex1-10A-lcwgs-1-2-L4-fastp	94.84045408852234	4.877281330546753	0.2647343206887201	0.015304738922382034	0.0011641188442080294	0.0001369551581421211	0.0001369551581421211	0.0001369551581421211	6.847757907106055e-05	3.423878953553028e-05	3.423878953553028e-05	6.847757907106055e-05	3.423878953553028e-05	3.423878953553028e-05	0.0	6.847757907106055e-05	0.0	0.0	0.0	0.0	0.0	0.0	0.0	3.423878953553028e-05	6.847757907106055e-05	3.423878953553028e-05	0.0	0.0	0.0	0.0	0.00017119394767765137
Tzo-ABol_010-Ex1-10A-lcwgs-1-2-L5-fastp	95.00524549104753	4.733306560549085	0.24433035778864148	0.01480998785580996	0.0013432314566897403	6.888366444562771e-05	6.888366444562771e-05	3.4441832222813853e-05	0.00010332549666844158	3.4441832222813853e-05	0.00010332549666844158	0.0	3.4441832222813853e-05	3.4441832222813853e-05	0.0	6.888366444562771e-05	0.0	3.4441832222813853e-05	0.0	0.0	0.0	3.4441832222813853e-05	0.0	0.0	3.4441832222813853e-05	6.888366444562771e-05	0.0	3.4441832222813853e-05	0.0	0.0	0.00020665099333688316
Tzo-ABol_010-Ex1-10A-lcwgs-1-2-L6-fastp	95.0992626514935	4.642900760546294	0.24118876381035945	0.014703303706119508	0.001023431812490917	0.0002046863624981834	6.822878749939447e-05	0.00013645757499878894	0.0	3.4114393749697234e-05	0.0	0.0	3.4114393749697234e-05	0.0	3.4114393749697234e-05	0.0	3.4114393749697234e-05	6.822878749939447e-05	3.4114393749697234e-05	0.0	3.4114393749697234e-05	3.4114393749697234e-05	0.0	0.0	3.4114393749697234e-05	0.0	0.0	0.0	3.4114393749697234e-05	0.0	0.00013645757499878894
Tzo-ABol_010-Ex1-10A-lcwgs-1-2-L7-fastp	95.01766437514965	4.720134631649117	0.24432130387376044	0.015330369461904032	0.001481361543509828	0.00020670161072230156	0.00010335080536115078	6.890053690743386e-05	0.00013780107381486772	3.445026845371693e-05	3.445026845371693e-05	0.0	3.445026845371693e-05	3.445026845371693e-05	3.445026845371693e-05	0.0	3.445026845371693e-05	3.445026845371693e-05	0.0	3.445026845371693e-05	0.0	6.890053690743386e-05	0.0	0.0	0.0	0.0	3.445026845371693e-05	0.0	0.0	0.0	0.00017225134226858462
Tzo-ABol_010-Ex1-10A-lcwgs-1-2-L8-fastp	95.71576247040332	4.0876903772916435	0.18599309259890345	0.008741746423257594	0.0008528533095861066	0.00014214221826435114	0.00010660666369826333	0.00010660666369826333	7.107110913217557e-05	0.0	3.5535554566087785e-05	3.5535554566087785e-05	0.0	7.107110913217557e-05	0.0	0.0	0.0	0.0	7.107110913217557e-05	0.0	0.0	3.5535554566087785e-05	0.0	0.0	3.5535554566087785e-05	3.5535554566087785e-05	3.5535554566087785e-05	0.0	0.0	0.0	0.0001776777728304389
Tzo-ABol_020-Ex1-8B-lcwgs-1-2-L3-fastp	95.32073542216776	4.459739796625904	0.20612876963293983	0.010754544502588167	0.0011320573160619122	9.433810967182601e-05	9.433810967182601e-05	9.433810967182601e-05	9.433810967182601e-05	9.433810967182601e-05	9.433810967182601e-05	0.0	0.00018867621934365203	0.0	0.00028301432901547805	0.0	0.0	0.0	0.0	0.0	9.433810967182601e-05	0.0	0.0	0.0	9.433810967182601e-05	0.0	0.0	0.0	0.0	0.0	0.00028301432901547805
Tzo-ABol_020-Ex1-8B-lcwgs-1-2-L4-fastp	95.57474112179146	4.235325533529347	0.17761588519751656	0.010060825683501468	0.0004701320412851153	0.00018805281651404615	0.00018805281651404615	9.402640825702307e-05	0.0	9.402640825702307e-05	0.00018805281651404615	9.402640825702307e-05	9.402640825702307e-05	0.0	0.0	0.00018805281651404615	0.0	9.402640825702307e-05	0.0	0.0	0.0	9.402640825702307e-05	0.0	0.0	0.0	0.0	0.0	0.0	0.0	0.0	0.0004701320412851153
Tzo-ABol_020-Ex1-8B-lcwgs-1-2-L5-fastp	95.76141562985671	4.058102346928448	0.1709282054241091	0.007756564939002184	0.0005675535321221111	0.0	0.00018918451070737034	0.0	0.00018918451070737034	9.459225535368517e-05	9.459225535368517e-05	0.0	0.0	0.0	0.0	0.0	0.0	0.00028377676606105553	0.0	0.0	0.0	0.0	9.459225535368517e-05	0.0	0.0	0.0	0.0	0.0	0.0	0.0	0.00028377676606105553
Tzo-ABol_020-Ex1-8B-lcwgs-1-2-L6-fastp	95.90281314542696	3.9195916626104803	0.16641327246861076	0.008456913902978525	0.0007517256802647578	0.00018793142006618945	0.0003758628401323789	0.00018793142006618945	0.00018793142006618945	9.396571003309472e-05	0.0	0.0	0.0	9.396571003309472e-05	9.396571003309472e-05	0.0	0.0	0.0	0.0	0.00018793142006618945	0.0	0.0	9.396571003309472e-05	0.0	9.396571003309472e-05	9.396571003309472e-05	0.0	0.0	9.396571003309472e-05	0.0	0.00018793142006618945
Tzo-ABol_020-Ex1-8B-lcwgs-1-2-L7-fastp	95.7491024086359	4.06904914758542	0.17167177877642248	0.00827448462800485	0.00019021803742539888	9.510901871269944e-05	0.00019021803742539888	9.510901871269944e-05	0.00019021803742539888	9.510901871269944e-05	0.0	0.0	0.0	9.510901871269944e-05	0.0	0.0	9.510901871269944e-05	0.0	0.0	9.510901871269944e-05	9.510901871269944e-05	9.510901871269944e-05	0.0	0.0	0.0	9.510901871269944e-05	9.510901871269944e-05	0.0	0.0	0.0	0.00038043607485079776
Tzo-ABol_020-Ex1-8B-lcwgs-1-2-L8-fastp	96.5354836795839	3.337255638726009	0.11984455804847179	0.005141845724851925	0.0003955265942193788	0.0001977632971096894	0.0	9.88816485548447e-05	0.0001977632971096894	9.88816485548447e-05	0.0001977632971096894	9.88816485548447e-05	0.0	9.88816485548447e-05	9.88816485548447e-05	0.0	0.0	0.0	9.88816485548447e-05	0.0	9.88816485548447e-05	0.0	0.0	0.0	0.0	0.0	9.88816485548447e-05	0.0	0.0	0.0	0.0004944082427742235
Tzo-ABol_023-Ex1-11B-lcwgs-1-2-L3-fastp	96.41608665254459	3.4289530527699807	0.1429600025044088	0.007826277509365445	0.001565255501873089	0.0	0.0	0.0010435036679153926	0.0005217518339576963	0.0	0.0005217518339576963	0.0	0.0	0.0	0.0	0.0	0.0	0.0	0.0	0.0	0.0	0.0	0.0	0.0	0.0005217518339576963	0.0	0.0	0.0	0.0	0.0	0.0
Tzo-ABol_023-Ex1-11B-lcwgs-1-2-L4-fastp	96.68922235101239	3.180769190605975	0.12008813424809164	0.0062654678738134776	0.0010442446456355794	0.0005221223228177897	0.0005221223228177897	0.0005221223228177897	0.0	0.0	0.0	0.0005221223228177897	0.0	0.0	0.0	0.0	0.0	0.0	0.0	0.0	0.0	0.0005221223228177897	0.0	0.0	0.0	0.0	0.0	0.0	0.0	0.0	0.0
Tzo-ABol_023-Ex1-11B-lcwgs-1-2-L5-fastp	96.76398849232822	3.0947715143428955	0.13029519679786525	0.00521180787191461	0.003127084723148766	0.0010423615743829218	0.0010423615743829218	0.0	0.0	0.0	0.0005211807871914609	0.0	0.0	0.0	0.0	0.0	0.0	0.0	0.0	0.0	0.0	0.0	0.0	0.0	0.0	0.0	0.0	0.0	0.0	0.0	0.0
Tzo-ABol_023-Ex1-11B-lcwgs-1-2-L6-fastp	96.86768836339192	3.000474197902065	0.12193660338817006	0.005732062552435345	0.0010421931913518808	0.0005210965956759404	0.0010421931913518808	0.0005210965956759404	0.0	0.0	0.0	0.0005210965956759404	0.0	0.0	0.0	0.0	0.0	0.0	0.0	0.0	0.0005210965956759404	0.0	0.0	0.0	0.0	0.0	0.0	0.0	0.0	0.0	0.0
Tzo-ABol_023-Ex1-11B-lcwgs-1-2-L7-fastp	96.76449090555343	3.1008934064605014	0.12515052242455474	0.005258425311956081	0.0015775275935868245	0.0	0.0005258425311956082	0.0005258425311956082	0.0	0.0	0.0010516850623912164	0.0	0.0	0.0	0.0	0.0005258425311956082	0.0	0.0	0.0	0.0	0.0	0.0	0.0	0.0	0.0	0.0	0.0	0.0	0.0	0.0	0.0
Tzo-ABol_023-Ex1-11B-lcwgs-1-2-L8-fastp	97.47746437917999	2.433623369942067	0.07884671304270024	0.005032768917619165	0.0016775896392063883	0.001118393092804259	0.0005591965464021295	0.0005591965464021295	0.0	0.0005591965464021295	0.0	0.0	0.0	0.0	0.0	0.0	0.0	0.0005591965464021295	0.0	0.0	0.0	0.0	0.0	0.0	0.0	0.0	0.0	0.0	0.0	0.0	0.0
Tzo-ABol_026-Ex1-2C-lcwgs-1-2-L3-fastp	95.36407609981804	4.4205265883693485	0.20274106237763112	0.010848213801419027	0.0010446428105070173	0.00016071427853954113	8.035713926977056e-05	0.0	0.0	0.0	4.017856963488528e-05	4.017856963488528e-05	0.0	4.017856963488528e-05	0.0	0.0	0.0	0.0	0.0	8.035713926977056e-05	4.017856963488528e-05	4.017856963488528e-05	0.0	0.0	0.0	4.017856963488528e-05	0.0	0.0	0.0	0.0	0.00020089284817442643
Tzo-ABol_026-Ex1-2C-lcwgs-1-2-L4-fastp	95.64435651723271	4.161895444195635	0.18256564246873638	0.00973950628318396	0.0007615251826357829	8.016054554060873e-05	4.0080272770304366e-05	0.0	0.0	0.00012024081831091309	4.0080272770304366e-05	0.0	0.0	4.0080272770304366e-05	0.0	0.0	0.0	4.0080272770304366e-05	0.0	4.0080272770304366e-05	0.0	0.0	4.0080272770304366e-05	0.0	0.0	4.0080272770304366e-05	0.0	8.016054554060873e-05	0.0	0.0	0.00012024081831091309
Tzo-ABol_026-Ex1-2C-lcwgs-1-2-L5-fastp	95.7879554977465	4.03427358863167	0.16767577802928474	0.008043932743069549	0.0010457112565990414	0.0003217573097227819	8.043932743069548e-05	0.0	8.043932743069548e-05	4.021966371534774e-05	4.021966371534774e-05	0.0	4.021966371534774e-05	0.0	4.021966371534774e-05	4.021966371534774e-05	0.0	4.021966371534774e-05	0.0	0.0	0.0	0.0	0.0	0.0	8.043932743069548e-05	4.021966371534774e-05	0.0	0.0	0.0	0.0	0.00016087865486139096
Tzo-ABol_026-Ex1-2C-lcwgs-1-2-L6-fastp	95.90395401088095	3.923674839254998	0.1628461130245674	0.007804126822263613	0.0008804655902040999	0.00028014814233766816	0.0	0.0	4.002116319109545e-05	4.002116319109545e-05	0.0	8.00423263821909e-05	4.002116319109545e-05	4.002116319109545e-05	0.0	0.0	0.0	8.00423263821909e-05	0.0	0.0	0.0	4.002116319109545e-05	0.0	0.0	0.0	0.0	0.0	4.002116319109545e-05	0.0	0.0	0.0001600846527643818
Tzo-ABol_026-Ex1-2C-lcwgs-1-2-L7-fastp	95.7869529961856	4.031680374546937	0.17138722239976859	0.008484515960384582	0.0008484515960384582	4.04024569542123e-05	0.0	4.04024569542123e-05	8.08049139084246e-05	0.0	0.0	0.0	0.0	8.08049139084246e-05	0.0	0.0	0.0	8.08049139084246e-05	0.0	4.04024569542123e-05	4.04024569542123e-05	0.0	0.0	0.0	0.0	0.0	0.0	0.0	0.0	4.04024569542123e-05	0.00020201228477106147
Tzo-ABol_026-Ex1-2C-lcwgs-1-2-L8-fastp	96.5404756632232	3.333913013741762	0.11898044642064029	0.005171249686701506	0.0004587398915622304	0.00020851813252828653	4.170362650565731e-05	8.340725301131461e-05	0.0	0.0	0.0	0.0	0.0	0.00012511087951697192	8.340725301131461e-05	0.0	0.0	0.0	0.0	4.170362650565731e-05	0.0	0.0	4.170362650565731e-05	0.0	0.0	4.170362650565731e-05	0.0	0.0	0.0	0.0	0.00033362901204525845
Tzo-ABol_030-Ex1-6C-lcwgs-1-2-L3-fastp	95.97463887854325	3.8635318474066227	0.15221219131350117	0.007431382114674094	0.0005245681492711125	0.0001748560497570375	0.0001748560497570375	8.742802487851875e-05	0.0001748560497570375	0.00026228407463555625	8.742802487851875e-05	0.0	0.0	0.0001748560497570375	8.742802487851875e-05	0.0	0.0	0.0	0.0	0.0	0.0	0.0	0.0	0.0	0.0	0.0	0.0	0.0	0.0	0.0	0.0004371401243925938
Tzo-ABol_030-Ex1-6C-lcwgs-1-2-L4-fastp	96.20556456700402	3.6464518403277975	0.1382110912655651	0.00698035814472551	0.0004362723840453444	0.0004362723840453444	0.0006107813376634822	0.00034901790723627555	0.0	8.725447680906889e-05	8.725447680906889e-05	8.725447680906889e-05	0.0	0.0	0.0	0.0	0.00026176343042720666	0.0	0.0	0.0	0.0	0.0	8.725447680906889e-05	0.0	0.0	0.0	0.0	0.0	0.0	0.0	0.00034901790723627555
Tzo-ABol_030-Ex1-6C-lcwgs-1-2-L5-fastp	96.33608620480281	3.5236929539245674	0.13279481541083832	0.005416630628599985	0.0004368250506935472	8.736501013870943e-05	8.736501013870943e-05	0.0	8.736501013870943e-05	0.00017473002027741885	0.00017473002027741885	0.0002620950304161283	0.0	0.00017473002027741885	0.0	0.0	0.0	8.736501013870943e-05	0.0	0.0	0.0	0.0	8.736501013870943e-05	0.0	0.0	0.0	0.0	0.0	8.736501013870943e-05	0.0	0.0002620950304161283
Tzo-ABol_030-Ex1-6C-lcwgs-1-2-L6-fastp	96.44152402641608	3.428328170948921	0.12283515017924704	0.005484489341809046	0.00043527693188960683	8.705538637792136e-05	8.705538637792136e-05	8.705538637792136e-05	0.0	0.0	0.0	0.0	8.705538637792136e-05	0.0001741107727558427	8.705538637792136e-05	8.705538637792136e-05	0.0	0.0	0.0	0.0	0.0	8.705538637792136e-05	8.705538637792136e-05	0.0	0.0	0.0	0.0	0.0	0.0	0.0	0.0005223323182675281
Tzo-ABol_030-Ex1-6C-lcwgs-1-2-L7-fastp	96.3720332242055	3.497381721424982	0.12234126987607137	0.006665187462782383	0.0003507993401464412	8.76998350366103e-05	8.76998350366103e-05	0.0001753996700732206	8.76998350366103e-05	8.76998350366103e-05	0.0	0.0001753996700732206	8.76998350366103e-05	8.76998350366103e-05	0.0	0.0	0.0	0.0	0.0	8.76998350366103e-05	8.76998350366103e-05	0.0	0.0	0.0	0.0	0.0	0.0	8.76998350366103e-05	0.0	0.0	8.76998350366103e-05
Tzo-ABol_030-Ex1-6C-lcwgs-1-2-L8-fastp	97.02260438964886	2.8837770773254645	0.08827149193321818	0.00308134571430125	0.000725022521012059	0.00018125563025301475	0.00018125563025301475	0.0	0.0002718834453795221	0.0	9.062781512650737e-05	9.062781512650737e-05	0.0	0.0	0.00018125563025301475	9.062781512650737e-05	0.0	0.0	0.0	9.062781512650737e-05	0.0	0.0	0.0	0.0	0.0	0.0	0.0	0.0	0.0	0.0	0.0003625112605060295
Tzo-ABol_034-Ex1-10C-lcwgs-1-2-L3-fastp	95.69673730882825	4.112112307189978	0.18026657914036176	0.009259781605913951	0.0007407825284731161	0.00022793308568403575	8.547490713151341e-05	0.00011396654284201788	2.849163571050447e-05	0.0	5.698327142100894e-05	0.0	0.0	0.0	5.698327142100894e-05	0.0	2.849163571050447e-05	2.849163571050447e-05	0.0	2.849163571050447e-05	5.698327142100894e-05	0.0	0.0	0.0	0.0	0.0	0.0	0.0	0.0	0.0	0.00017094981426302682
Tzo-ABol_034-Ex1-10C-lcwgs-1-2-L4-fastp	95.95010361211354	3.876693200424851	0.16379553156240131	0.008100247526511258	0.0005968603440587243	0.00014210960572826767	8.526576343696061e-05	8.526576343696061e-05	2.8421921145653533e-05	0.0	8.526576343696061e-05	5.6843842291307066e-05	5.6843842291307066e-05	0.0	2.8421921145653533e-05	0.0	0.0	0.0	0.0	0.0	0.0	0.0	0.0	0.0	0.0	0.0	0.0	0.0	0.0	0.0	0.00014210960572826767
Tzo-ABol_034-Ex1-10C-lcwgs-1-2-L5-fastp	96.1185723031608	3.7269617559797754	0.14636018934350548	0.006450351558430624	0.0005708275715425331	0.00028541378577126656	5.70827571542533e-05	2.854137857712665e-05	8.562413573137996e-05	2.854137857712665e-05	2.854137857712665e-05	2.854137857712665e-05	0.0	0.0	0.0	5.70827571542533e-05	0.0	0.0	0.0	2.854137857712665e-05	5.70827571542533e-05	0.0	0.0	5.70827571542533e-05	0.0	0.0	0.0	2.854137857712665e-05	0.0	0.0	0.00031395516434839317
Tzo-ABol_034-Ex1-10C-lcwgs-1-2-L6-fastp	96.18518960296721	3.6630894909685683	0.14316447027871032	0.0068848142247628355	0.0007366467894807971	0.00014166284413092252	8.499770647855353e-05	0.0	0.0	2.8332568826184505e-05	0.00011333027530473802	2.8332568826184505e-05	5.666513765236901e-05	2.8332568826184505e-05	5.666513765236901e-05	0.0	0.0	0.0	5.666513765236901e-05	0.0	2.8332568826184505e-05	0.0	0.0	2.8332568826184505e-05	0.0	2.8332568826184505e-05	0.0	0.0	0.0	0.0	0.0002549931194356606
Tzo-ABol_034-Ex1-10C-lcwgs-1-2-L7-fastp	96.08605033328004	3.7499045667559474	0.15498072891840323	0.007577471063353663	0.000428913456416245	0.00011437692171099868	8.578269128324901e-05	8.578269128324901e-05	0.0	5.718846085549934e-05	2.859423042774967e-05	8.578269128324901e-05	0.0	2.859423042774967e-05	2.859423042774967e-05	2.859423042774967e-05	0.0	0.0	2.859423042774967e-05	2.859423042774967e-05	2.859423042774967e-05	0.0	5.718846085549934e-05	2.859423042774967e-05	0.0	0.0	0.0	2.859423042774967e-05	5.718846085549934e-05	0.0	0.000257348073849747
Tzo-ABol_034-Ex1-10C-lcwgs-1-2-L8-fastp	96.79763401430787	3.090023415237663	0.10613888493604029	0.0047336178600283895	0.00035281623801453835	8.820405950363459e-05	0.0001176054126715128	2.94013531678782e-05	0.0001176054126715128	5.88027063357564e-05	0.0	2.94013531678782e-05	8.820405950363459e-05	2.94013531678782e-05	0.0	8.820405950363459e-05	2.94013531678782e-05	0.0	2.94013531678782e-05	0.0	0.0	0.0	0.0	0.0	0.0	0.0	0.0	0.0	0.0	2.94013531678782e-05	0.00038221759118241657
Tzo-ABol_036-Ex1-12C-lcwgs-1-2-L3-fastp	95.47726399723747	4.310372462927771	0.199906303586503	0.01015138213457977	0.0010966867126000303	0.000337442065415394	8.43605163538485e-05	2.8120172117949503e-05	8.43605163538485e-05	0.00011248068847179801	5.6240344235899006e-05	2.8120172117949503e-05	5.6240344235899006e-05	5.6240344235899006e-05	0.0	2.8120172117949503e-05	0.0	0.0	5.6240344235899006e-05	0.0	2.8120172117949503e-05	0.0	0.0	0.0	0.0	0.0	0.0	0.0	0.0	0.0	0.0002530815490615455
Tzo-ABol_036-Ex1-12C-lcwgs-1-2-L4-fastp	95.73195206811903	4.0753855067920295	0.1801224328704546	0.010412672109993646	0.0008397316217736811	0.00041986581088684054	0.00013995527029561354	8.397316217736812e-05	5.5982108118245416e-05	8.397316217736812e-05	8.397316217736812e-05	0.0	0.0	0.0	8.397316217736812e-05	2.7991054059122708e-05	0.0	5.5982108118245416e-05	0.0	0.0	2.7991054059122708e-05	0.0	0.0	2.7991054059122708e-05	0.0	0.0	0.0	0.0	0.0	0.0	0.00019593737841385895
Tzo-ABol_036-Ex1-12C-lcwgs-1-2-L5-fastp	95.88097752554988	3.9425604205397784	0.16577760832621974	0.008716258239675733	0.0010122106342849238	0.00011246784825388043	5.6233924126940216e-05	0.0001405848103173505	0.0	5.6233924126940216e-05	5.6233924126940216e-05	5.6233924126940216e-05	8.435088619041032e-05	0.0	5.6233924126940216e-05	0.0	0.0	0.0	0.0	0.0	2.8116962063470108e-05	0.0	0.0	0.0	0.0	2.8116962063470108e-05	0.0	2.8116962063470108e-05	0.0	0.0	0.00025305265857123094
Tzo-ABol_036-Ex1-12C-lcwgs-1-2-L6-fastp	96.00095456883864	3.8319120522419654	0.15676613538502293	0.008131719322110816	0.0011457061587853727	0.0002235524212264142	0.00013972026326650885	5.588810530660355e-05	0.0001117762106132071	5.588810530660355e-05	8.383215795990532e-05	5.588810530660355e-05	2.7944052653301775e-05	5.588810530660355e-05	0.0	0.0	2.7944052653301775e-05	0.0	2.7944052653301775e-05	0.0	0.0	0.0	2.7944052653301775e-05	0.0	0.0	0.0	0.0	0.0	0.0	0.0	0.00019560836857311238
Tzo-ABol_036-Ex1-12C-lcwgs-1-2-L7-fastp	95.90720964980046	3.913988267906151	0.16777810993431455	0.0088866715955822	0.0010405280032801942	0.00016873427080219366	0.0001406118923351614	0.0	8.436713540109683e-05	5.624475693406455e-05	5.624475693406455e-05	5.624475693406455e-05	5.624475693406455e-05	0.0	0.0	5.624475693406455e-05	8.436713540109683e-05	0.0	0.0	0.0	0.0	2.8122378467032276e-05	2.8122378467032276e-05	2.8122378467032276e-05	0.0	0.0	0.0	0.0	2.8122378467032276e-05	0.0	0.0002249790277362582
Tzo-ABol_036-Ex1-12C-lcwgs-1-2-L8-fastp	96.65919095885016	3.217000183001615	0.11632638323554396	0.005655358945632279	0.0005510349741898119	0.000290018407468322	0.0001740110444809932	2.9001840746832202e-05	0.0	0.00011600736298732881	8.70055222404966e-05	2.9001840746832202e-05	8.70055222404966e-05	0.0	2.9001840746832202e-05	2.9001840746832202e-05	2.9001840746832202e-05	0.0	0.0	0.0	2.9001840746832202e-05	0.0	5.8003681493664405e-05	2.9001840746832202e-05	0.0	0.0	0.0	0.0	0.0	0.0	0.0002610165667214898
Tzo-ABol_038-Ex1-2D-lcwgs-1-2-L3-fastp	94.78015306858624	4.932422275435976	0.26997908039192714	0.014931803887598205	0.0010055086792995424	0.0002513771698248856	0.00015082630189493137	5.027543396497713e-05	0.0	0.0	0.00010055086792995426	5.027543396497713e-05	5.027543396497713e-05	5.027543396497713e-05	0.00010055086792995426	5.027543396497713e-05	0.0	0.0	0.0	5.027543396497713e-05	0.0	0.0	5.027543396497713e-05	0.0	0.0	0.0	5.027543396497713e-05	0.0	0.0	0.0	0.0005027543396497712
Tzo-ABol_038-Ex1-2D-lcwgs-1-2-L4-fastp	95.03158093645216	4.71271600073977	0.24062623127457522	0.012865562908582134	0.0010051221022329792	0.0002512805255582448	0.0001507683153349469	0.0	5.025610511164896e-05	5.025610511164896e-05	0.0	0.0	5.025610511164896e-05	5.025610511164896e-05	5.025610511164896e-05	0.0	0.0	0.0	0.0	0.0	5.025610511164896e-05	0.0	0.0	0.0	0.00010051221022329792	0.0	5.025610511164896e-05	5.025610511164896e-05	0.0	0.0	0.0003015366306698938
Tzo-ABol_038-Ex1-2D-lcwgs-1-2-L5-fastp	95.19542429049459	4.564155193083154	0.22548568476203162	0.012916611165603064	0.0005550106360220066	0.00025227756182818486	0.0	0.00010091102473127394	5.045551236563697e-05	0.00010091102473127394	0.0	5.045551236563697e-05	5.045551236563697e-05	0.0	0.0	0.0	0.0	0.00010091102473127394	5.045551236563697e-05	0.0	0.0	5.045551236563697e-05	5.045551236563697e-05	0.0	5.045551236563697e-05	0.0	0.0	0.0	0.0	0.0	0.0005550106360220066
Tzo-ABol_038-Ex1-2D-lcwgs-1-2-L6-fastp	95.28221272993692	4.479287750973605	0.22400701256786154	0.011985152452142133	0.0011533828719634688	0.00010029416277943206	0.00010029416277943206	5.014708138971603e-05	5.014708138971603e-05	5.014708138971603e-05	0.0	0.0	0.00025073540694858017	0.0	5.014708138971603e-05	0.0	0.0	0.0	0.00010029416277943206	0.0	0.0001504412441691481	0.0	0.0	0.0	0.00010029416277943206	0.0	0.0	0.0	0.0	0.0	0.00035102956972801226
Tzo-ABol_038-Ex1-2D-lcwgs-1-2-L7-fastp	95.1867651649152	4.566972295464293	0.23205118119228224	0.011825880406343341	0.000812077624469929	0.0001522645545881117	0.0002537742576468528	0.00010150970305874113	0.0001522645545881117	5.0754851529370564e-05	5.0754851529370564e-05	0.0	0.0	0.0	0.0	0.00010150970305874113	0.0	0.0	5.0754851529370564e-05	0.0	0.0	5.0754851529370564e-05	5.0754851529370564e-05	0.0	0.0	0.0	0.0	0.0	0.0	0.0	0.0005583033668230762
Tzo-ABol_038-Ex1-2D-lcwgs-1-2-L8-fastp	96.01842072971849	3.8146138767959004	0.15794590614908793	0.006712176622537602	0.0008914609576807752	0.000157316639590725	0.00010487775972715002	5.243887986357501e-05	5.243887986357501e-05	0.000157316639590725	0.000157316639590725	0.0	0.00010487775972715002	5.243887986357501e-05	0.0	0.0	0.0	0.0	0.0	5.243887986357501e-05	0.0	0.0	5.243887986357501e-05	0.0	0.0	5.243887986357501e-05	0.0	0.0	0.0	0.0	0.0004195110389086001
Tzo-ABol_043-Ex1-7D-lcwgs-1-2-L3-fastp	95.63059489285271	4.170148848189433	0.18692526851270808	0.010154933307769563	0.0009802059177383747	0.0003528741303858149	0.00017643706519290746	0.0001372288284833725	5.881235506430249e-05	5.881235506430249e-05	3.920823670953499e-05	1.9604118354767495e-05	3.920823670953499e-05	0.0	0.0	1.9604118354767495e-05	0.0	0.0	3.920823670953499e-05	0.0	0.0	0.0	1.9604118354767495e-05	1.9604118354767495e-05	0.0	0.0	0.0	0.0	0.0	0.0	0.00021564530190244246
Tzo-ABol_043-Ex1-7D-lcwgs-1-2-L4-fastp	95.84196922942841	3.9771487088662556	0.16920974109625656	0.00951294129639796	0.0009337856487261802	0.0004474389566812947	0.0001945386768179542	5.8361603045386263e-05	1.945386768179542e-05	1.945386768179542e-05	7.781547072718168e-05	1.945386768179542e-05	5.8361603045386263e-05	5.8361603045386263e-05	1.945386768179542e-05	3.890773536359084e-05	1.945386768179542e-05	0.0	0.0	0.0	0.0	0.0	5.8361603045386263e-05	0.0	0.0	0.0	0.0	0.0	0.0	0.0	0.00013617707377256794
Tzo-ABol_043-Ex1-7D-lcwgs-1-2-L5-fastp	96.0140482043848	3.818133996901373	0.1564393250234571	0.009282954439298781	0.0010575517715656838	0.0003525172571885613	0.00023501150479237416	5.875287619809354e-05	3.916858413206236e-05	5.875287619809354e-05	0.0	1.958429206603118e-05	0.0	0.0	1.958429206603118e-05	0.0	1.958429206603118e-05	0.0	0.0	0.0	0.0	1.958429206603118e-05	0.0	0.0	0.0	1.958429206603118e-05	0.0	0.0	0.0	0.0	0.00019584292066031185
Tzo-ABol_043-Ex1-7D-lcwgs-1-2-L6-fastp	96.08825751452429	3.7497955043362783	0.15154511392664471	0.008364188001329731	0.001067355777431868	0.0003299099675698502	0.00021347115548637368	9.703234340289712e-05	3.881293736115885e-05	3.881293736115885e-05	0.0	1.9406468680579423e-05	0.0	1.9406468680579423e-05	1.9406468680579423e-05	0.0	1.9406468680579423e-05	0.0	1.9406468680579423e-05	0.0	0.0	0.0	0.0	0.0	0.0	1.9406468680579423e-05	0.0	1.9406468680579423e-05	0.0	0.0	0.00011643881208347653
Tzo-ABol_043-Ex1-7D-lcwgs-1-2-L7-fastp	96.00247180075544	3.8291157040683	0.15822111876618494	0.007878717917008095	0.0011171316449489089	0.00035277841419439226	0.00017638920709719613	0.0001175928047314641	5.879640236573205e-05	0.0001175928047314641	3.919760157715469e-05	1.9598800788577346e-05	3.919760157715469e-05	1.9598800788577346e-05	3.919760157715469e-05	1.9598800788577346e-05	0.0	0.0	0.0	0.0	0.0	0.0	1.9598800788577346e-05	0.0	0.0	0.0	0.0	0.0	0.0	0.0	0.00017638920709719613
Tzo-ABol_043-Ex1-7D-lcwgs-1-2-L8-fastp	96.67709124866477	3.20334157723205	0.11162700860427044	0.005939971136589233	0.0007677513713958871	0.0004646916195290896	0.00010101991728893252	8.081593383114601e-05	6.061195037335952e-05	2.0203983457786504e-05	0.00012122390074671904	4.040796691557301e-05	0.0	2.0203983457786504e-05	0.0	0.0	0.0	0.0	8.081593383114601e-05	0.0	2.0203983457786504e-05	0.0	2.0203983457786504e-05	0.0	0.0	0.0	0.0	0.0	2.0203983457786504e-05	0.0	0.00018183585112007853
Tzo-ABol_044-Ex1-8D-lcwgs-1-2-L3-fastp	95.4205818386803	4.358933828990619	0.20496330180881897	0.012045462336267411	0.0009998209844332634	0.0003808841845460051	0.00033327366147775444	4.761052306825064e-05	0.0001428315692047519	0.00019044209227300256	4.761052306825064e-05	4.761052306825064e-05	4.761052306825064e-05	0.0002380526153412532	4.761052306825064e-05	4.761052306825064e-05	4.761052306825064e-05	0.0	4.761052306825064e-05	0.0001428315692047519	0.0	0.0	0.0	4.761052306825064e-05	0.0	4.761052306825064e-05	0.0	4.761052306825064e-05	0.0	0.0	0.000523715753750757
Tzo-ABol_044-Ex1-8D-lcwgs-1-2-L4-fastp	95.6202144823275	4.173021250297259	0.1914800400807501	0.011676769920640685	0.0011866636098212078	0.0004746654439284831	0.00018986617757139323	0.00014239963317854494	0.00023733272196424155	9.493308878569662e-05	0.00014239963317854494	4.746654439284831e-05	0.00018986617757139323	9.493308878569662e-05	4.746654439284831e-05	9.493308878569662e-05	0.0	4.746654439284831e-05	4.746654439284831e-05	4.746654439284831e-05	0.0	0.0	0.0	4.746654439284831e-05	0.0	4.746654439284831e-05	0.0	0.0	0.0	0.0	0.00042719889953563483
Tzo-ABol_044-Ex1-8D-lcwgs-1-2-L5-fastp	95.76005513081654	4.047501718072214	0.1786223205460467	0.010151161759954097	0.001286766983656153	0.00038126429145367497	4.765803643170937e-05	0.00023829018215854687	0.0002859482185902562	9.531607286341874e-05	9.531607286341874e-05	0.00023829018215854687	4.765803643170937e-05	0.0001429741092951281	0.0	4.765803643170937e-05	0.0	0.0	0.0	4.765803643170937e-05	0.0	4.765803643170937e-05	0.0	4.765803643170937e-05	4.765803643170937e-05	0.0	4.765803643170937e-05	0.0	4.765803643170937e-05	0.0	0.00047658036431709374
Tzo-ABol_044-Ex1-8D-lcwgs-1-2-L6-fastp	95.85179628737757	3.958542588038515	0.17602257180484934	0.010655119358647056	0.0008997656347301959	0.00042620477434588224	9.471217207686271e-05	0.0002367804301921568	4.7356086038431356e-05	0.00018942434415372542	9.471217207686271e-05	4.7356086038431356e-05	0.0	9.471217207686271e-05	9.471217207686271e-05	4.7356086038431356e-05	0.00014206825811529408	4.7356086038431356e-05	0.0	0.0	4.7356086038431356e-05	0.0	0.0	0.0	0.0	0.0	4.7356086038431356e-05	4.7356086038431356e-05	0.0	0.0	0.00037884868830745085
Tzo-ABol_044-Ex1-8D-lcwgs-1-2-L7-fastp	95.73991985107689	4.0652279369418665	0.1814701616121547	0.009940951702746427	0.0008124816295513906	0.0005735164443892169	0.00019117214812973895	4.779303703243474e-05	9.558607406486947e-05	0.00014337911109730422	4.779303703243474e-05	9.558607406486947e-05	0.00014337911109730422	9.558607406486947e-05	4.779303703243474e-05	4.779303703243474e-05	0.00019117214812973895	0.00019117214812973895	0.0	0.0	4.779303703243474e-05	0.0	4.779303703243474e-05	0.0	0.0	4.779303703243474e-05	4.779303703243474e-05	4.779303703243474e-05	4.779303703243474e-05	0.0	0.00043013733329191266
Tzo-ABol_044-Ex1-8D-lcwgs-1-2-L8-fastp	96.43776144579867	3.4215931835134246	0.1296776124232443	0.007493807683088362	0.0012406966362729077	0.0001985114618036652	0.0001985114618036652	9.92557309018326e-05	9.92557309018326e-05	9.92557309018326e-05	0.0001488835963527489	4.96278654509163e-05	0.0001488835963527489	0.0001488835963527489	0.0	0.0	9.92557309018326e-05	0.0	9.92557309018326e-05	0.0	0.0	4.96278654509163e-05	9.92557309018326e-05	9.92557309018326e-05	0.0	0.0	0.0	0.0	0.0	0.0	0.0005955343854109956
Tzo-ABol_045-Ex1-9D-lcwgs-1-2-L3-fastp	95.93798300337548	3.8927079162374723	0.1582035050825837	0.00883861153818331	0.0011971606406184889	0.0002547150299188274	0.0001273575149594137	5.094300598376548e-05	5.094300598376548e-05	5.094300598376548e-05	5.094300598376548e-05	0.0	0.0	5.094300598376548e-05	0.0	7.641450897564823e-05	2.547150299188274e-05	0.0	0.0	0.0	0.0	0.0	2.547150299188274e-05	2.547150299188274e-05	0.0	0.0	0.0	0.0	0.0	0.0	0.00028018653291071017
Tzo-ABol_045-Ex1-9D-lcwgs-1-2-L4-fastp	96.13655765361085	3.7089676619443486	0.1456330413219781	0.007418849976625542	0.0005081404093579138	0.0002794772251468526	7.622106140368707e-05	7.622106140368707e-05	2.5407020467895688e-05	2.5407020467895688e-05	2.5407020467895688e-05	7.622106140368707e-05	2.5407020467895688e-05	0.0	2.5407020467895688e-05	0.0	2.5407020467895688e-05	0.0	2.5407020467895688e-05	2.5407020467895688e-05	2.5407020467895688e-05	0.0	2.5407020467895688e-05	0.0	0.0	0.0	0.0	0.0	0.0	0.0	0.00015244212280737413
Tzo-ABol_045-Ex1-9D-lcwgs-1-2-L5-fastp	96.30936427370717	3.551650018320495	0.13023371644772228	0.006736226712813222	0.0007909963185500374	0.00035722414386130726	0.00010206404110323062	2.5516010275807655e-05	0.0001275800513790383	5.103202055161531e-05	2.5516010275807655e-05	2.5516010275807655e-05	0.0	0.0	2.5516010275807655e-05	0.0	0.0	0.0	0.0	2.5516010275807655e-05	2.5516010275807655e-05	2.5516010275807655e-05	2.5516010275807655e-05	0.0	2.5516010275807655e-05	2.5516010275807655e-05	0.0	0.0	0.0	0.0	0.00033170813358549954
Tzo-ABol_045-Ex1-9D-lcwgs-1-2-L6-fastp	96.40346283378565	3.4630622516542844	0.1249962874274906	0.006727054461471366	0.0008123235576116367	0.00020308088940290916	0.00020308088940290916	2.5385111175363645e-05	5.077022235072729e-05	2.5385111175363645e-05	0.0	5.077022235072729e-05	0.00010154044470145458	0.0	0.0	0.0	0.0	0.0	5.077022235072729e-05	2.5385111175363645e-05	0.0	0.0	0.0	0.0	0.0	0.0	0.0	0.0	0.0	2.5385111175363645e-05	0.00017769577822754554
Tzo-ABol_045-Ex1-9D-lcwgs-1-2-L7-fastp	96.28699467144227	3.5677112577069168	0.13657131061135294	0.006522885223055816	0.0009464578558943732	0.00035811918871678987	0.00020463953640959424	7.673982615359783e-05	2.557994205119928e-05	2.557994205119928e-05	2.557994205119928e-05	7.673982615359783e-05	0.0	2.557994205119928e-05	0.0	2.557994205119928e-05	7.673982615359783e-05	2.557994205119928e-05	0.0	0.0	0.0	5.115988410239856e-05	0.0	0.0	0.0	0.0	0.0	0.0	0.0	0.0	0.00025579942051199276
Tzo-ABol_045-Ex1-9D-lcwgs-1-2-L8-fastp	96.91285146520782	2.983449133628595	0.09699129682651422	0.004629907307151207	0.0007365761625013284	0.0003156754982148551	0.00013153145758952294	0.00010522516607161835	5.261258303580918e-05	0.0	5.261258303580918e-05	2.630629151790459e-05	2.630629151790459e-05	0.0	2.630629151790459e-05	0.0	2.630629151790459e-05	0.0	2.630629151790459e-05	7.891887455371377e-05	0.0	0.0	5.261258303580918e-05	2.630629151790459e-05	2.630629151790459e-05	0.0	2.630629151790459e-05	0.0	0.0	2.630629151790459e-05	0.0003156754982148551
Tzo-ABol_047-Ex1-11D-lcwgs-1-2-L3-fastp	95.66986495675765	4.12455571731353	0.19447956124382793	0.009288750446911577	0.0005841981413151936	0.0001168396282630387	0.0001168396282630387	5.841981413151935e-05	5.841981413151935e-05	5.841981413151935e-05	0.0	0.0	0.0001168396282630387	0.0	0.00017525944239455806	5.841981413151935e-05	0.0	5.841981413151935e-05	0.0	0.0	0.0	5.841981413151935e-05	5.841981413151935e-05	0.0	0.0	0.0	0.0	0.0	5.841981413151935e-05	0.0	0.0002336792565260774
Tzo-ABol_047-Ex1-11D-lcwgs-1-2-L4-fastp	95.89373586525352	3.931369427308767	0.16556387943170592	0.007289709379698217	0.0005248590753382717	0.00017495302511275721	0.00023327070015034297	5.831767503758574e-05	0.00011663535007517149	0.00011663535007517149	5.831767503758574e-05	0.0	0.0	5.831767503758574e-05	0.0	0.0	0.00011663535007517149	0.0	0.0	5.831767503758574e-05	5.831767503758574e-05	0.0	0.0	0.0	0.0	0.0	5.831767503758574e-05	0.0	0.0	0.0	0.0004082237252631002
Tzo-ABol_047-Ex1-11D-lcwgs-1-2-L5-fastp	96.04250570536567	3.7954279872312107	0.15194812942377856	0.00801266117438709	0.0008188120908132793	0.00011697315583046846	5.848657791523423e-05	5.848657791523423e-05	0.0	0.00011697315583046846	0.00017545973374570272	5.848657791523423e-05	0.0	0.0	0.0	5.848657791523423e-05	0.0	0.0	0.0	5.848657791523423e-05	0.0	0.0	0.0	0.0	5.848657791523423e-05	5.848657791523423e-05	5.848657791523423e-05	0.0	0.0	5.848657791523423e-05	0.00035091946749140544
Tzo-ABol_047-Ex1-11D-lcwgs-1-2-L6-fastp	96.14156280246408	3.6972394892455274	0.1523458110143226	0.0066971591233360465	0.0004658893303190294	0.00011647233257975735	0.0002329446651595147	0.0	5.823616628987867e-05	5.823616628987867e-05	5.823616628987867e-05	0.0	5.823616628987867e-05	0.00011647233257975735	5.823616628987867e-05	5.823616628987867e-05	5.823616628987867e-05	5.823616628987867e-05	0.0	0.0	0.0	0.0	0.0	5.823616628987867e-05	0.0	0.0	0.00011647233257975735	0.00011647233257975735	0.0	0.0	0.0004658893303190294
Tzo-ABol_047-Ex1-11D-lcwgs-1-2-L7-fastp	96.02859444907084	3.7995661702091397	0.16102595867744796	0.009050364100849265	0.0004701487844597021	0.00017630579417238828	0.00017630579417238828	0.0	5.876859805746276e-05	0.0	5.876859805746276e-05	5.876859805746276e-05	5.876859805746276e-05	5.876859805746276e-05	0.00017630579417238828	0.0	5.876859805746276e-05	0.0	0.0	5.876859805746276e-05	5.876859805746276e-05	5.876859805746276e-05	0.0	0.0	0.0	5.876859805746276e-05	0.0	0.0	0.0	0.0	0.00017630579417238828
Tzo-ABol_047-Ex1-11D-lcwgs-1-2-L8-fastp	96.76449072154892	3.120290667902168	0.10893950108512766	0.0042673559462557	0.00042673559462557	0.00012192445560730571	0.00018288668341095857	0.00012192445560730571	0.00012192445560730571	0.00012192445560730571	6.096222780365286e-05	0.0	6.096222780365286e-05	6.096222780365286e-05	0.0	6.096222780365286e-05	6.096222780365286e-05	0.0	0.0	0.00018288668341095857	0.0	0.0	0.0	6.096222780365286e-05	0.0	6.096222780365286e-05	6.096222780365286e-05	0.0	0.0	0.0	0.00024384891121461143
Tzo-ABol_050-Ex1-2E-lcwgs-1-2-L3-fastp	95.45310821322094	4.336904441529222	0.1982530683026263	0.010012781227405369	0.000772916445624274	0.0001756628285509714	0.0	0.00010539769713058283	0.0	0.0	0.00010539769713058283	0.0	3.513256571019428e-05	0.0	7.026513142038856e-05	3.513256571019428e-05	3.513256571019428e-05	0.0	0.0	0.0	0.0	3.513256571019428e-05	3.513256571019428e-05	0.0	0.0	0.0	0.0	0.0	0.0	0.0	0.0003161930913917485
Tzo-ABol_050-Ex1-2E-lcwgs-1-2-L4-fastp	95.70157945048102	4.112534750541538	0.17620388153682898	0.008243661588921921	0.0004560323432169574	7.015882203337806e-05	0.00010523823305006709	3.507941101668903e-05	3.507941101668903e-05	7.015882203337806e-05	3.507941101668903e-05	7.015882203337806e-05	0.0	0.0	7.015882203337806e-05	0.00010523823305006709	7.015882203337806e-05	0.0	0.0	3.507941101668903e-05	3.507941101668903e-05	0.0	0.0	0.0	0.0	0.0	3.507941101668903e-05	0.0	0.0	0.0	0.00021047646610013418
