0.9221115 0.0313296 0.0309305 0.0300933 0.0301819 0.0046129 0.0313613 0.0324765 0.0045923 0.0303010 0.0321033 0.0294830 0.0295124 0.0307619 0.0276240 0.0308486 0.0284609 0.0319969 0.0305000 0.0324683 0.0303425 0.0316765 0.0301489 0.0312428 0.0298086 0.0277240 0.0318435 0.0323321 0.0271273 0.0266897 0.0269789 0.0288373 0.0310628 0.0093338 0.0274457 0.0311681 0.0291981 0.0318917 0.0312678 0.0328744 0.0312652 0.0304744 0.0313772 0.0294472 0.0288853 0.0286517 0.0278544 0.0289030 0.0315863 0.0296490 0.0281733 0.0268677 0.0318947 0.0277991 0.0265192 0.0275331 0.0324851 0.0295528 0.0269398 0.0290030 0.0321392 0.0312806 0.0319941 0.0304301 0.0285812 0.0284680 0.0295378 0.0277309 0.0316679 0.0288506 0.0291038 0.0294274 0.0291444 0.0305323 0.0272642 0.0285199 0.0299437 0.0327926 0.0286727 0.0276977 0.0316541 0.0327643 0.0326313 0.0281601 0.0293834 0.0314311 0.0275984 0.0300397 0.0288800 0.0319854 0.0324037 0.0311800 0.0319121 0.0292229 -0.0259579 -0.0307614 -0.0294672 -0.0254420 -0.0218745 -0.0225139 -0.0193783 -0.0264060 -0.0219128 -0.0262379 -0.0298045 -0.0207053 -0.0131972 -0.0218681 -0.0249397 -0.0192727 -0.0211333 -0.0209051 -0.0272266 -0.0239180 -0.0161495 -0.0229486 -0.0153991 -0.0060555 -0.0126447 -0.0221088 -0.0115143 -0.0254694 -0.0126515 -0.0187204 -0.0098449 -0.0153059 -0.0134818 -0.0224409 -0.0248504 -0.0247668 -0.0123079 -0.0231171 -0.0067096 -0.0235714 -0.0043415 -0.0263198 -0.0130071 -0.0142458 -0.0101858 -0.0241308 -0.0254532 -0.0042194 -0.0119853 -0.0084260 -0.0123943 -0.0268169 -0.0254126 -0.0116101 -0.0114498 -0.0264843 -0.0126508 -0.0263606 -0.0058728 -0.0268379 -0.0123416 -0.0277582 -0.0302559 -0.0115530 -0.0094382 -0.0085749 -0.0022263 -0.0033566 -0.0085168 -0.0061708 -0.0016420 -0.0013004 -0.0131369 -0.0101870 -0.0018117 -0.0123119 -0.0004402 -0.0049666 -0.0016756 -0.0202052 -0.0137155 -0.0009456 -0.0040785 -0.0136690 -0.0072622 -0.0096113 -0.0008189 -0.0174662 -0.0068251 -0.0060237 -0.0168006 -0.0022804 -0.0048118 -0.0067883 -0.0097464 -0.0245792 -0.0081597 -0.0041571 -0.0065476 -0.0051175 -0.0043002 -0.0036337 -0.0071093 -0.0150961 -0.0142366 -0.0169917 -0.0197953 -0.0196864 -0.0128153 -0.0270266 -0.0246395 -0.0206367 -0.0063485 -0.0072407 -0.0088653 -0.0267436 -0.0231914 -0.0249086 -0.0184421 -0.0058960 -0.0249780 -0.0244165 -0.0150386 -0.0175247 -0.0200165 -0.0115189 -0.0132822 -0.0100545
0.0313296 0.9213066 0.0310763 0.0299848 0.0297870 0.0046356 0.0313447 0.0325646 0.0046324 0.0300617 0.0319388 0.0293012 0.0295635 0.0306402 0.0277873 0.0309381 0.0286504 0.0318066 0.0306442 0.0322230 0.0302205 0.0316255 0.0300959 0.0311309 0.0297420 0.0275480 0.0316824 0.0322817 0.0274141 0.0264763 0.0269676 0.0292477 0.0308821 0.0092768 0.0275317 0.0309648 0.0291068 0.0314586 0.0314020 0.0329333 0.0313191 0.0304489 0.0313628 0.0296091 0.0289764 0.0288469 0.0279647 0.0290665 0.0315729 0.0296583 0.0279245 0.0272435 0.0316997 0.0275196 0.0268251 0.0273143 0.0324414 0.0294465 0.0270331 0.0293246 0.0321846 0.0312153 0.0320062 0.0305110 0.0287692 0.0286818 0.0294512 0.0279305 0.0315503 0.0288714 0.0291046 0.0297082 0.0291395 0.0305841 0.0272134 0.0284825 0.0298527 0.0330648 0.0288354 0.0280931 0.0317261 0.0328796 0.0323444 0.0282723 0.0291351 0.0314332 0.0276442 0.0301069 0.0291143 0.0321477 0.0326220 0.0313028 0.0317638 0.0290517 -0.0257234 -0.0305775 -0.0293263 -0.0253369 -0.0216439 -0.0225009 -0.0195177 -0.0265409 -0.0218207 -0.0264143 -0.0298455 -0.0207930 -0.0133299 -0.0219287 -0.0249527 -0.0194239 -0.0212096 -0.0209781 -0.0270620 -0.0237139 -0.0162902 -0.0230886 -0.0154376 -0.0060568 -0.0128221 -0.0220580 -0.0115222 -0.0254194 -0.0127826 -0.0186778 -0.0099988 -0.0153076 -0.0136512 -0.0222889 -0.0245285 -0.0250453 -0.0124290 -0.0230729 -0.0067224 -0.0237666 -0.0043279 -0.0258918 -0.0129980 -0.0144849 -0.0102222 -0.0239190 -0.0255300 -0.0042059 -0.0119634 -0.0084143 -0.0124001 -0.0264232 -0.0252294 -0.0114711 -0.0113944 -0.0265357 -0.0125232 -0.0262604 -0.0058525 -0.0267535 -0.0124938 -0.0280140 -0.0299032 -0.0115637 -0.0095210 -0.0085315 -0.0022591 -0.0033707 -0.0086916 -0.0061780 -0.0016293 -0.0012962 -0.0138244 -0.0102626 -0.0018108 -0.0124004 -0.0004394 -0.0049493 -0.0016724 -0.0197457 -0.0136977 -0.0009466 -0.0040542 -0.0136945 -0.0073071 -0.0098775 -0.0008147 -0.0171140 -0.0070143 -0.0058749 -0.0170456 -0.0022756 -0.0047556 -0.0066544 -0.0099991 -0.0246828 -0.0080426 -0.0042765 -0.0061163 -0.0051903 -0.0042921 -0.0036169 -0.0071005 -0.0153263 -0.0142084 -0.0171696 -0.0192093 -0.0197308 -0.0130112 -0.0269059 -0.0243916 -0.0204155 -0.0063412 -0.0072541 -0.0087654 -0.0266414 -0.0232947 -0.0251849 -0.0185345 -0.0059094 -0.0248657 -0.0241244 -0.0149806 -0.0173966 -0.0200488 -0.0118165 -0.0130224 -0.0101584
0.0309305 0.0310763 0.8906128 0.0266258 0.0275476 0.0046607 0.0305824 0.0310288 0.0046139 0.0279489 0.0301828 0.0269652 0.0263518 0.0285492 0.0232419 0.0288836 0.0259423 0.0313584 0.0283408 0.0317330 0.0276244 0.0309142 0.0275935 0.0291199 0.0258947 0.0225229 0.0309654 0.0307394 0.0225553 0.0217557 0.0223327 0.0260664 0.0282285 0.0093000 0.0230032 0.0291848 0.0266764 0.0303016 0.0295298 0.0319850 0.0308895 0.0280958 0.0296636 0.0265846 0.0264741 0.0242980 0.0236073 0.0255590 0.0295894 0.0269012 0.0236263 0.0231608 0.0297930 0.0236660 0.0219778 0.0226551 0.0316653 0.0293554 0.0210922 0.0260254 0.0316691 0.0307631 0.0313545 0.0280820 0.0242636 0.0231082 0.0255847 0.0230551 0.0285819 0.0241886 0.0250243 0.0255712 0.0247431 0.0274796 0.0218970 0.0239545 0.0251818 0.0301547 0.0239540 0.0233532 0.0291081 0.0306602 0.0302922 0.0234264 0.0250279 0.0291879 0.0234788 0.0269713 0.0256120 0.0313117 0.0308949 0.0282703 0.0303174 0.0257332 -0.0238146 -0.0297351 -0.0275778 -0.0238629 -0.0211734 -0.0214635 -0.0188781 -0.0254187 -0.0209022 -0.0248514 -0.0284307 -0.0197394 -0.0134749 -0.0211582 -0.0241336 -0.0193353 -0.0208796 -0.0204241 -0.0258415 -0.0222176 -0.0160662 -0.0226373 -0.0151947 -0.0061259 -0.0134697 -0.0218860 -0.0118486 -0.0251456 -0.0131889 -0.0179752 -0.0102947 -0.0151869 -0.0140917 -0.0222899 -0.0234021 -0.0238623 -0.0122404 -0.0224467 -0.0067884 -0.0231632 -0.0043794 -0.0247904 -0.0131758 -0.0140356 -0.0104480 -0.0225904 -0.0245175 -0.0042468 -0.0121932 -0.0084864 -0.0125249 -0.0251385 -0.0236070 -0.0118310 -0.0115091 -0.0248084 -0.0129506 -0.0247871 -0.0059309 -0.0254316 -0.0128318 -0.0267986 -0.0289836 -0.0117025 -0.0105556 -0.0095006 -0.0022719 -0.0033955 -0.0096782 -0.0062298 -0.0016522 -0.0013044 -0.0143816 -0.0107227 -0.0018196 -0.0133671 -0.0004435 -0.0056297 -0.0016764 -0.0206569 -0.0144249 -0.0009456 -0.0040616 -0.0142244 -0.0078655 -0.0104157 -0.0008255 -0.0184846 -0.0077291 -0.0067646 -0.0181486 -0.0023066 -0.0053362 -0.0077149 -0.0105719 -0.0260295 -0.0084631 -0.0050367 -0.0073747 -0.0058766 -0.0043497 -0.0036613 -0.0075720 -0.0163386 -0.0147256 -0.0181249 -0.0206220 -0.0202585 -0.0138628 -0.0277459 -0.0256341 -0.0216481 -0.0063888 -0.0073397 -0.0095548 -0.0284262 -0.0240761 -0.0254619 -0.0188569 -0.0071691 -0.0246579 -0.0248331 -0.0155761 -0.0182236 -0.0199794 -0.0123021 -0.0143392 -0.0113993
0.0300933 0.0299848 0.0266258 0.8945971 0.0253888 0.0045584 0.0280607 0.0283488 0.0045163 0.0251606 0.0280064 0.0239318 0.0245719 0.0267073 0.0224899 0.0268557 0.0254270 0.0305292 0.0262344 0.0306194 0.0253061 0.0301460 0.0258338 0.0270427 0.0249349 0.0215409 0.0281763 0.0292726 0.0202707 0.0181184 0.0187262 0.0239949 0.0265213 0.0091307 0.0216679 0.0275964 0.0241852 0.0288781 0.0281735 0.0310365 0.0297875 0.0261549 0.0276923 0.0240555 0.0247626 0.0220085 0.0206837 0.0236218 0.0275473 0.0260451 0.0221136 0.0204571 0.0276375 0.0212588 0.0191402 0.0205162 0.0302385 0.0286062 0.0190382 0.0233984 0.0308095 0.0301799 0.0303998 0.0254048 0.0218705 0.0213047 0.0226503 0.0204089 0.0260615 0.0221668 0.0217037 0.0224995 0.0216494 0.0255468 0.0194312 0.0206078 0.0229316 0.0280661 0.0216176 0.0213898 0.0268143 0.0286716 0.0286274 0.0205166 0.0214286 0.0267850 0.0195152 0.0246972 0.0233768 0.0301737 0.0289343 0.0263655 0.0286626 0.0224420 -0.0227738 -0.0279752 -0.0243221 -0.0223205 -0.0198732 -0.0206511 -0.0186894 -0.0225016 -0.0202341 -0.0235060 -0.0255185 -0.0196926 -0.0144046 -0.0204587 -0.0224980 -0.0180893 -0.0197310 -0.0191812 -0.0237473 -0.0212633 -0.0161800 -0.0208358 -0.0160822 -0.0060613 -0.0136952 -0.0202629 -0.0118978 -0.0236348 -0.0136040 -0.0181329 -0.0112328 -0.0158805 -0.0139555 -0.0203814 -0.0223306 -0.0228668 -0.0129505 -0.0215248 -0.0066864 -0.0213963 -0.0042925 -0.0246783 -0.0129338 -0.0147853 -0.0103958 -0.0217690 -0.0225920 -0.0041773 -0.0119829 -0.0083748 -0.0124358 -0.0231919 -0.0236902 -0.0118100 -0.0114967 -0.0226281 -0.0129132 -0.0232076 -0.0057858 -0.0235124 -0.0127584 -0.0246142 -0.0269050 -0.0115314 -0.0119132 -0.0111711 -0.0022316 -0.0033187 -0.0105527 -0.0060961 -0.0016306 -0.0012897 -0.0154690 -0.0119502 -0.0017909 -0.0141948 -0.0004325 -0.0061942 -0.0016576 -0.0211491 -0.0153066 -0.0009401 -0.0039918 -0.0155337 -0.0094154 -0.0114973 -0.0008048 -0.0196336 -0.0084486 -0.0080763 -0.0177505 -0.0022516 -0.0056892 -0.0087734 -0.0119749 -0.0256267 -0.0081613 -0.0054568 -0.0085552 -0.0062804 -0.0042526 -0.0035892 -0.0089426 -0.0169271 -0.0130243 -0.0187774 -0.0208814 -0.0203746 -0.0158403 -0.0270828 -0.0268635 -0.0216113 -0.0062421 -0.0072038 -0.0114246 -0.0279311 -0.0234174 -0.0241165 -0.0189884 -0.0083921 -0.0241760 -0.0248429 -0.0168370 -0.0184719 -0.0210541 -0.0130683 -0.0154548 -0.0127385
0.0301819 0.0297870 0.0275476 0.0253888 0.8805581 0.0045730 0.0275379 0.0285648 0.0045168 0.0262782 0.0278300 0.0242682 0.0250543 0.0262804 0.0228804 0.0266264 0.0245816 0.0304888 0.0267942 0.0303109 0.0255172 0.0299641 0.0264734 0.0265499 0.0244108 0.0213418 0.0289870 0.0284817 0.0223125 0.0193074 0.0198399 0.0248144 0.0268843 0.0091245 0.0221144 0.0273175 0.0255738 0.0286545 0.0278879 0.0307765 0.0297687 0.0269080 0.0279064 0.0249780 0.0248528 0.0233770 0.0205927 0.0247596 0.0267586 0.0246022 0.0238198 0.0212721 0.0280904 0.0228416 0.0191709 0.0216424 0.0305322 0.0286454 0.0190080 0.0241381 0.0305669 0.0299359 0.0306034 0.0261056 0.0225101 0.0216327 0.0233271 0.0207591 0.0271454 0.0223706 0.0227073 0.0232806 0.0232183 0.0263873 0.0203334 0.0222356 0.0234969 0.0281697 0.0222265 0.0211499 0.0272296 0.0291578 0.0279907 0.0231054 0.0232854 0.0272499 0.0208498 0.0254491 0.0232912 0.0301917 0.0291463 0.0271236 0.0294192 0.0236941 -0.0243077 -0.0290457 -0.0271467 -0.0233414 -0.0205184 -0.0210366 -0.0191387 -0.0237676 -0.0201730 -0.0242507 -0.0264730 -0.0194237 -0.0141721 -0.0197023 -0.0224817 -0.0188297 -0.0200072 -0.0192749 -0.0243525 -0.0218848 -0.0169971 -0.0216649 -0.0155575 -0.0060440 -0.0132713 -0.0206376 -0.0116717 -0.0238985 -0.0134829 -0.0183175 -0.0111101 -0.0149921 -0.0142179 -0.0213786 -0.0222698 -0.0232061 -0.0129981 -0.0211699 -0.0066674 -0.0222890 -0.0043066 -0.0245301 -0.0129507 -0.0148946 -0.0101420 -0.0223261 -0.0224688 -0.0041727 -0.0119354 -0.0083327 -0.0123472 -0.0234921 -0.0237975 -0.0117026 -0.0114836 -0.0236315 -0.0127335 -0.0221739 -0.0058156 -0.0246313 -0.0127403 -0.0248531 -0.0267579 -0.0114237 -0.0114822 -0.0104621 -0.0022265 -0.0033366 -0.0103115 -0.0061255 -0.0016324 -0.0012860 -0.0148581 -0.0116787 -0.0017959 -0.0139884 -0.0004370 -0.0060967 -0.0016441 -0.0204362 -0.0143720 -0.0009285 -0.0040208 -0.0149610 -0.0084401 -0.0113024 -0.0008041 -0.0173070 -0.0087571 -0.0074214 -0.0177000 -0.0022307 -0.0058275 -0.0084790 -0.0116700 -0.0251643 -0.0082634 -0.0051871 -0.0083574 -0.0059546 -0.0042301 -0.0035606 -0.0089935 -0.0160769 -0.0138197 -0.0180220 -0.0199012 -0.0196124 -0.0147877 -0.0273905 -0.0258955 -0.0210752 -0.0062381 -0.0071908 -0.0103417 -0.0270873 -0.0230161 -0.0245551 -0.0196433 -0.0075129 -0.0232823 -0.0241671 -0.0160870 -0.0180598 -0.0205934 -0.0128656 -0.0151021 -0.0128161
0.0046129 0.0046356 0.0046607 0.0045584 0.0045730 0.9838389 0.0047191 0.0048142 0.0006844 0.0045389 0.0048248 0.0044500 0.0044938 0.0046026 0.0042406 0.0046281 0.0043781 0.0047046 0.0046832 0.0047649 0.0045213 0.0046660 0.0045602 0.0046729 0.0045583 0.0042382 0.0047497 0.0048454 0.0042727 0.0041553 0.0041210 0.0044132 0.0046338 0.0013781 0.0042176 0.0046414 0.0044119 0.0046831 0.0047312 0.0048409 0.0046216 0.0045905 0.0046791 0.0044942 0.0044011 0.0043897 0.0042621 0.0043774 0.0047271 0.0045105 0.0042748 0.0042013 0.0047629 0.0042238 0.0041231 0.0042498 0.0047714 0.0043641 0.0041380 0.0044356 0.0047777 0.0046035 0.0046944 0.0046215 0.0043794 0.0043719 0.0044654 0.0043206 0.0047943 0.0044581 0.0044997 0.0044847 0.0044471 0.0046562 0.0042019 0.0043961 0.0045756 0.0049541 0.0044183 0.0042937 0.0047579 0.0048543 0.0048490 0.0043364 0.0044768 0.0047349 0.0042521 0.0045667 0.0044163 0.0047469 0.0048248 0.0046884 0.0047326 0.0044460 -0.0039023 -0.0047352 -0.0044921 -0.0037932 -0.0032097 -0.0033907 -0.0029232 -0.0039516 -0.0032287 -0.0039621 -0.0045668 -0.0030921 -0.0019616 -0.0032699 -0.0037068 -0.0028752 -0.0031236 -0.0030598 -0.0040822 -0.0035951 -0.0024027 -0.0034069 -0.0022836 -0.0009028 -0.0018998 -0.0032567 -0.0017162 -0.0038160 -0.0018843 -0.0027744 -0.0014772 -0.0022429 -0.0020463 -0.0032848 -0.0036906 -0.0037214 -0.0018252 -0.0033856 -0.0009926 -0.0035228 -0.0006441 -0.0039070 -0.0019392 -0.0021253 -0.0015222 -0.0035933 -0.0037812 -0.0006273 -0.0017667 -0.0012509 -0.0018575 -0.0040385 -0.0037956 -0.0017326 -0.0017004 -0.0039866 -0.0018729 -0.0039817 -0.0008442 -0.0040195 -0.0018738 -0.0042257 -0.0046217 -0.0017267 -0.0014234 -0.0013283 -0.0003353 -0.0004985 -0.0012922 -0.0009161 -0.0002453 -0.0001916 -0.0020431 -0.0015092 -0.0002678 -0.0018905 -0.0000653 -0.0007512 -0.0002503 -0.0028954 -0.0020431 -0.0001394 -0.0006028 -0.0020327 -0.0010722 -0.0014790 -0.0001220 -0.0025453 -0.0010060 -0.0008504 -0.0024989 -0.0003402 -0.0007411 -0.0010652 -0.0014386 -0.0036387 -0.0012155 -0.0006707 -0.0009877 -0.0007789 -0.0006043 -0.0005408 -0.0010878 -0.0022300 -0.0021487 -0.0025348 -0.0028702 -0.0029065 -0.0018681 -0.0040069 -0.0035742 -0.0029806 -0.0009436 -0.0010823 -0.0013510 -0.0039958 -0.0034398 -0.0036886 -0.0027090 -0.0008818 -0.0036804 -0.0036043 -0.0022570 -0.0025952 -0.0029763 -0.0017197 -0.0019632 -0.0015651
0.0313613 0.0313447 0.0305824 0.0280607 0.0275379 0.0047191 0.8979583 0.0318708 0.0046762 0.0287657 0.0310446 0.0268466 0.0267632 0.0294474 0.0239421 0.0295380 0.0261103 0.0316998 0.0296603 0.0324182 0.0287186 0.0318364 0.0281633 0.0294936 0.0273779 0.0239990 0.0315802 0.0321423 0.0229385 0.0214071 0.0218683 0.0268184 0.0292198 0.0093578 0.0243163 0.0300658 0.0269269 0.0314243 0.0306631 0.0327884 0.0313189 0.0286690 0.0302018 0.0273684 0.0275096 0.0255579 0.0237128 0.0259281 0.0302695 0.0275006 0.0246202 0.0236741 0.0306360 0.0235696 0.0220848 0.0233373 0.0324167 0.0297633 0.0213284 0.0269423 0.0323720 0.0312281 0.0321529 0.0287765 0.0253850 0.0243789 0.0259730 0.0235218 0.0289369 0.0251264 0.0257848 0.0267075 0.0260147 0.0285198 0.0225041 0.0248992 0.0270743 0.0315964 0.0249975 0.0234677 0.0300414 0.0323232 0.0317075 0.0244395 0.0260116 0.0301638 0.0231291 0.0276968 0.0265144 0.0317719 0.0318605 0.0293281 0.0310835 0.0261988 -0.0253468 -0.0299754 -0.0285221 -0.0237946 -0.0216511 -0.0218637 -0.0190670 -0.0252894 -0.0214919 -0.0257410 -0.0293412 -0.0202829 -0.0133369 -0.0215560 -0.0239733 -0.0193540 -0.0212128 -0.0207524 -0.0260646 -0.0231757 -0.0160200 -0.0228688 -0.0153538 -0.0062241 -0.0125736 -0.0219096 -0.0117866 -0.0252155 -0.0131865 -0.0194744 -0.0101650 -0.0156737 -0.0141312 -0.0220416 -0.0244881 -0.0244425 -0.0120470 -0.0225817 -0.0068709 -0.0237418 -0.0044257 -0.0253068 -0.0132961 -0.0141173 -0.0103882 -0.0237152 -0.0247709 -0.0043156 -0.0122570 -0.0086004 -0.0126538 -0.0254156 -0.0238147 -0.0119479 -0.0118103 -0.0259290 -0.0130262 -0.0250571 -0.0059575 -0.0259459 -0.0127469 -0.0275950 -0.0297173 -0.0118257 -0.0095476 -0.0090865 -0.0022648 -0.0034249 -0.0090752 -0.0062635 -0.0016533 -0.0013103 -0.0143924 -0.0111656 -0.0018372 -0.0131417 -0.0004326 -0.0053424 -0.0017032 -0.0207499 -0.0142509 -0.0009628 -0.0041481 -0.0142144 -0.0082965 -0.0102092 -0.0008279 -0.0180383 -0.0071638 -0.0065190 -0.0169701 -0.0023251 -0.0053147 -0.0071098 -0.0102596 -0.0265954 -0.0084879 -0.0049214 -0.0071263 -0.0057372 -0.0043727 -0.0036818 -0.0077281 -0.0157419 -0.0150457 -0.0165183 -0.0200905 -0.0206843 -0.0140554 -0.0289796 -0.0270622 -0.0210489 -0.0064313 -0.0073726 -0.0092595 -0.0285992 -0.0240189 -0.0251480 -0.0186710 -0.0066352 -0.0263817 -0.0249951 -0.0157180 -0.0177812 -0.0206664 -0.0127405 -0.0142486 -0.0111954
0.0324765 0.0325646 0.0310288 0.0283488 0.0285648 0.0048142 0.0318708 0.9156191 0.0048173 0.0297403 0.0328360 0.0284487 0.0283477 0.0300788 0.0255287 0.0304287 0.0266961 0.0330747 0.0312082 0.0333522 0.0295062 0.0328059 0.0294959 0.0316712 0.0287196 0.0245906 0.0322617 0.0329666 0.0249096 0.0235837 0.0236156 0.0272475 0.0306701 0.0096070 0.0247152 0.0307652 0.0277239 0.0325171 0.0315341 0.0341427 0.0324413 0.0299751 0.0314901 0.0284428 0.0278873 0.0270945 0.0247401 0.0273512 0.0319704 0.0286285 0.0263235 0.0248519 0.0317320 0.0252162 0.0228676 0.0243586 0.0332143 0.0305656 0.0237932 0.0270401 0.0332095 0.0322027 0.0330549 0.0297315 0.0263751 0.0253962 0.0275371 0.0253112 0.0304434 0.0267356 0.0267979 0.0273293 0.0272633 0.0294192 0.0235708 0.0255125 0.0279368 0.0336010 0.0257310 0.0250792 0.0316241 0.0340306 0.0332273 0.0257915 0.0268790 0.0311696 0.0246076 0.0283384 0.0273550 0.0330829 0.0336472 0.0302955 0.0317848 0.0272199 -0.0258290 -0.0302343 -0.0295485 -0.0253654 -0.0224262 -0.0226376 -0.0195360 -0.0268640 -0.0223864 -0.0266772 -0.0296852 -0.0207007 -0.0132279 -0.0220522 -0.0249620 -0.0195357 -0.0215740 -0.0212915 -0.0274379 -0.0236143 -0.0162897 -0.0233871 -0.0156583 -0.0063442 -0.0128957 -0.0231011 -0.0121262 -0.0259100 -0.0129990 -0.0185400 -0.0101911 -0.0162934 -0.0145007 -0.0236565 -0.0250264 -0.0251399 -0.0127851 -0.0235968 -0.0069970 -0.0242118 -0.0044769 -0.0266695 -0.0134285 -0.0141442 -0.0105985 -0.0238435 -0.0265388 -0.0044014 -0.0125616 -0.0087855 -0.0128587 -0.0266609 -0.0258900 -0.0120781 -0.0118478 -0.0269667 -0.0131069 -0.0265697 -0.0060951 -0.0269951 -0.0129476 -0.0282090 -0.0305161 -0.0120219 -0.0097165 -0.0088885 -0.0023499 -0.0035025 -0.0089514 -0.0064342 -0.0017180 -0.0013449 -0.0142246 -0.0104788 -0.0018779 -0.0126126 -0.0004602 -0.0052102 -0.0017422 -0.0213170 -0.0139232 -0.0009795 -0.0042194 -0.0139898 -0.0074206 -0.0096144 -0.0008433 -0.0176192 -0.0069568 -0.0059783 -0.0170879 -0.0023870 -0.0052299 -0.0071196 -0.0103306 -0.0264885 -0.0084994 -0.0046494 -0.0061782 -0.0056724 -0.0044745 -0.0037929 -0.0072826 -0.0166265 -0.0150861 -0.0171772 -0.0208826 -0.0205212 -0.0138806 -0.0291916 -0.0265493 -0.0222287 -0.0065617 -0.0075055 -0.0095418 -0.0291739 -0.0246051 -0.0262011 -0.0193275 -0.0058394 -0.0269979 -0.0246203 -0.0150216 -0.0185164 -0.0216206 -0.0117825 -0.0137176 -0.0108210
0.0045923 0.0046324 0.0046139 0.0045163 0.0045168 0.0006844 0.0046762 0.0048173 0.9839022 0.0045170 0.0047659 0.0044560 0.0045664 0.0045480 0.0042498 0.0046573 0.0043458 0.0047087 0.0046246 0.0047607 0.0045319 0.0046467 0.0045808 0.0046531 0.0045148 0.0042228 0.0047445 0.0048091 0.0042696 0.0041019 0.0042005 0.0044087 0.0046141 0.0013724 0.0042235 0.0046135 0.0044332 0.0046920 0.0046909 0.0048523 0.0046350 0.0045874 0.0046498 0.0044339 0.0043950 0.0043595 0.0042654 0.0043747 0.0046997 0.0045376 0.0042981 0.0041491 0.0048126 0.0042047 0.0040997 0.0042250 0.0048096 0.0043544 0.0041159 0.0043983 0.0047318 0.0046029 0.0046754 0.0045996 0.0043486 0.0044297 0.0044868 0.0042974 0.0047480 0.0044462 0.0044337 0.0045097 0.0044647 0.0046280 0.0042417 0.0043749 0.0045599 0.0049229 0.0044208 0.0042696 0.0047226 0.0048822 0.0048094 0.0042993 0.0044965 0.0046809 0.0042448 0.0045443 0.0044150 0.0047110 0.0047656 0.0046647 0.0047201 0.0044314 -0.0038660 -0.0047181 -0.0044626 -0.0038238 -0.0032104 -0.0033683 -0.0029212 -0.0039971 -0.0032355 -0.0039599 -0.0044905 -0.0031058 -0.0019939 -0.0032676 -0.0036955 -0.0028860 -0.0031209 -0.0031151 -0.0040648 -0.0035155 -0.0023677 -0.0034279 -0.0022967 -0.0008933 -0.0018666 -0.0032791 -0.0016562 -0.0037954 -0.0019193 -0.0027688 -0.0015079 -0.0022677 -0.0019561 -0.0033040 -0.0036617 -0.0037398 -0.0018220 -0.0034142 -0.0009924 -0.0035078 -0.0006409 -0.0038833 -0.0019395 -0.0021557 -0.0014865 -0.0035869 -0.0037475 -0.0006243 -0.0017859 -0.0012408 -0.0018505 -0.0040057 -0.0037924 -0.0017333 -0.0016840 -0.0039553 -0.0018753 -0.0039466 -0.0008672 -0.0040382 -0.0018344 -0.0042167 -0.0045945 -0.0017239 -0.0014456 -0.0012791 -0.0003349 -0.0004972 -0.0012425 -0.0009128 -0.0002419 -0.0001917 -0.0020804 -0.0015026 -0.0002678 -0.0018667 -0.0000652 -0.0007535 -0.0002482 -0.0029138 -0.0020410 -0.0001396 -0.0006023 -0.0020531 -0.0010900 -0.0014854 -0.0001202 -0.0025189 -0.0010307 -0.0009151 -0.0024921 -0.0003379 -0.0007573 -0.0010514 -0.0014546 -0.0035954 -0.0012072 -0.0006138 -0.0009746 -0.0008043 -0.0006300 -0.0005359 -0.0011220 -0.0022355 -0.0021120 -0.0024946 -0.0028811 -0.0028618 -0.0018916 -0.0039778 -0.0036237 -0.0029833 -0.0009340 -0.0010750 -0.0013536 -0.0039746 -0.0033954 -0.0036507 -0.0027391 -0.0009032 -0.0036799 -0.0035960 -0.0021501 -0.0026021 -0.0029469 -0.0017290 -0.0019668 -0.0015151
0.0303010 0.0300617 0.0279489 0.0251606 0.0262782 0.0045389 0.0287657 0.0297403 0.0045170 0.8854910 0.0288689 0.0256445 0.0254126 0.0280811 0.0232812 0.0276906 0.0248602 0.0305065 0.0269950 0.0308592 0.0269987 0.0303201 0.0272131 0.0282070 0.0248392 0.0226866 0.0296145 0.0290143 0.0218366 0.0207124 0.0212421 0.0255148 0.0281316 0.0090994 0.0229631 0.0284539 0.0257741 0.0293451 0.0292184 0.0312741 0.0298330 0.0270388 0.0289430 0.0258010 0.0259030 0.0240114 0.0223677 0.0252286 0.0280231 0.0262915 0.0231397 0.0223231 0.0289059 0.0231959 0.0224270 0.0224178 0.0309647 0.0287040 0.0194064 0.0247198 0.0306522 0.0300663 0.0303137 0.0266465 0.0241130 0.0221718 0.0246909 0.0225486 0.0282208 0.0233720 0.0239645 0.0249805 0.0241239 0.0272776 0.0213492 0.0229388 0.0253413 0.0288590 0.0238878 0.0224199 0.0281898 0.0299591 0.0290803 0.0232564 0.0240805 0.0280936 0.0220097 0.0264738 0.0245977 0.0304697 0.0298410 0.0280167 0.0299839 0.0247144 -0.0238648 -0.0285357 -0.0265829 -0.0234927 -0.0206849 -0.0207617 -0.0188402 -0.0241124 -0.0196585 -0.0254790 -0.0278557 -0.0201672 -0.0138055 -0.0205967 -0.0231435 -0.0190615 -0.0195403 -0.0199701 -0.0250265 -0.0224790 -0.0166898 -0.0212070 -0.0156446 -0.0060506 -0.0131556 -0.0213771 -0.0115016 -0.0233900 -0.0131543 -0.0188518 -0.0107570 -0.0152802 -0.0132383 -0.0213359 -0.0224884 -0.0235667 -0.0121578 -0.0217955 -0.0066129 -0.0220642 -0.0042898 -0.0247656 -0.0129096 -0.0145341 -0.0101971 -0.0229096 -0.0235442 -0.0041608 -0.0119115 -0.0083380 -0.0123191 -0.0242059 -0.0238532 -0.0115726 -0.0114473 -0.0247940 -0.0127669 -0.0241710 -0.0057872 -0.0250369 -0.0125789 -0.0264794 -0.0280213 -0.0114419 -0.0111204 -0.0095777 -0.0022417 -0.0033253 -0.0100460 -0.0060857 -0.0016348 -0.0012765 -0.0145976 -0.0108693 -0.0017871 -0.0132817 -0.0004353 -0.0057882 -0.0016541 -0.0198708 -0.0143180 -0.0009285 -0.0039845 -0.0145677 -0.0083033 -0.0104975 -0.0007987 -0.0174781 -0.0077443 -0.0070638 -0.0174274 -0.0022546 -0.0054603 -0.0076777 -0.0110332 -0.0255505 -0.0083608 -0.0049533 -0.0070993 -0.0057155 -0.0041877 -0.0035819 -0.0080543 -0.0163653 -0.0153443 -0.0173497 -0.0188439 -0.0201371 -0.0144750 -0.0276154 -0.0253149 -0.0201078 -0.0062695 -0.0071836 -0.0097659 -0.0270050 -0.0231885 -0.0241800 -0.0184830 -0.0072141 -0.0250361 -0.0238545 -0.0147179 -0.0180946 -0.0204453 -0.0126557 -0.0143716 -0.0112206
0.0321033 0.0319388 0.0301828 0.0280064 0.0278300 0.0048248 0.0310446 0.0328360 0.0047659 0.0288689 0.9004322 0.0272182 0.0275350 0.0299604 0.0244677 0.0295675 0.0267068 0.0325660 0.0299795 0.0329710 0.0297401 0.0323923 0.0289799 0.0309763 0.0282598 0.0246810 0.0312812 0.0321511 0.0239829 0.0220729 0.0231519 0.0274863 0.0303079 0.0095887 0.0247466 0.0302770 0.0273174 0.0319943 0.0312582 0.0332270 0.0319862 0.0294116 0.0309384 0.0277055 0.0272927 0.0254769 0.0247555 0.0262705 0.0307450 0.0279020 0.0258111 0.0237183 0.0317024 0.0247026 0.0221922 0.0241623 0.0331427 0.0303708 0.0223303 0.0265716 0.0327802 0.0320127 0.0325432 0.0288115 0.0260485 0.0245374 0.0270278 0.0239099 0.0300976 0.0259237 0.0260907 0.0271554 0.0265105 0.0292866 0.0231458 0.0249371 0.0271799 0.0332851 0.0252503 0.0245303 0.0302290 0.0326093 0.0322895 0.0256963 0.0266427 0.0309120 0.0237851 0.0286945 0.0272206 0.0325512 0.0324642 0.0297977 0.0316270 0.0266999 -0.0254410 -0.0306705 -0.0294295 -0.0244354 -0.0219025 -0.0222513 -0.0196868 -0.0259933 -0.0218679 -0.0260001 -0.0291386 -0.0196697 -0.0135853 -0.0219393 -0.0251227 -0.0195755 -0.0218067 -0.0213289 -0.0270203 -0.0238477 -0.0167216 -0.0222078 -0.0162626 -0.0063195 -0.0131293 -0.0220544 -0.0122303 -0.0249650 -0.0129357 -0.0186406 -0.0106904 -0.0157420 -0.0144509 -0.0230128 -0.0239457 -0.0247379 -0.0128739 -0.0233945 -0.0069777 -0.0239633 -0.0045374 -0.0266302 -0.0135633 -0.0140651 -0.0106662 -0.0246032 -0.0255888 -0.0043855 -0.0125318 -0.0087907 -0.0130066 -0.0264152 -0.0253511 -0.0123530 -0.0120343 -0.0251005 -0.0131641 -0.0257924 -0.0061065 -0.0269400 -0.0130676 -0.0276068 -0.0300310 -0.0120880 -0.0103295 -0.0098979 -0.0023495 -0.0034986 -0.0094460 -0.0064415 -0.0017007 -0.0013512 -0.0149941 -0.0104304 -0.0018877 -0.0136392 -0.0004585 -0.0059228 -0.0017354 -0.0211313 -0.0142619 -0.0009837 -0.0042331 -0.0147291 -0.0084390 -0.0105178 -0.0008488 -0.0180830 -0.0076072 -0.0070149 -0.0175653 -0.0023716 -0.0054944 -0.0075924 -0.0107462 -0.0260016 -0.0086293 -0.0050793 -0.0071979 -0.0056698 -0.0044753 -0.0037515 -0.0078521 -0.0168463 -0.0152179 -0.0180802 -0.0201376 -0.0207351 -0.0140754 -0.0287509 -0.0269462 -0.0220468 -0.0066046 -0.0075580 -0.0093761 -0.0287427 -0.0248785 -0.0269127 -0.0194590 -0.0065959 -0.0265862 -0.0250949 -0.0152250 -0.0186668 -0.0218000 -0.0119631 -0.0136797 -0.0112477
0.0294830 0.0293012 0.0269652 0.0239318 0.0242682 0.0044500 0.0268466 0.0284487 0.0044560 0.0256445 0.0272182 0.8897681 0.0246691 0.0259348 0.0220134 0.0259275 0.0235062 0.0297510 0.0248566 0.0296968 0.0247526 0.0295634 0.0257187 0.0252500 0.0238536 0.0215917 0.0277658 0.0277082 0.0212864 0.0190624 0.0191209 0.0248104 0.0260750 0.0088664 0.0220786 0.0270359 0.0237482 0.0280444 0.0274837 0.0300546 0.0291863 0.0256957 0.0272458 0.0241662 0.0234646 0.0217639 0.0205434 0.0230386 0.0271192 0.0240991 0.0231935 0.0197886 0.0273006 0.0215991 0.0187823 0.0207243 0.0297720 0.0280925 0.0191974 0.0231014 0.0297417 0.0294475 0.0296615 0.0252182 0.0220205 0.0210710 0.0225207 0.0193332 0.0261897 0.0214317 0.0217349 0.0231359 0.0225061 0.0254716 0.0193916 0.0201866 0.0239141 0.0274899 0.0211691 0.0205045 0.0267300 0.0281038 0.0270200 0.0214494 0.0218632 0.0266753 0.0207767 0.0240206 0.0228582 0.0295755 0.0285955 0.0261227 0.0290207 0.0224442 -0.0233370 -0.0269155 -0.0249252 -0.0215391 -0.0196066 -0.0204992 -0.0188591 -0.0236495 -0.0200626 -0.0237541 -0.0257341 -0.0192834 -0.0144720 -0.0203986 -0.0225587 -0.0188526 -0.0197330 -0.0191178 -0.0242699 -0.0228656 -0.0159386 -0.0210801 -0.0160279 -0.0059150 -0.0136148 -0.0208061 -0.0115734 -0.0222718 -0.0136727 -0.0178066 -0.0110398 -0.0154611 -0.0132811 -0.0202511 -0.0219177 -0.0222254 -0.0128556 -0.0214262 -0.0065453 -0.0213102 -0.0042337 -0.0229705 -0.0127946 -0.0143168 -0.0100360 -0.0211549 -0.0220515 -0.0041027 -0.0118046 -0.0082221 -0.0121470 -0.0229009 -0.0237818 -0.0114564 -0.0112830 -0.0239981 -0.0127966 -0.0229886 -0.0056599 -0.0238022 -0.0125917 -0.0244778 -0.0261659 -0.0112922 -0.0111123 -0.0106163 -0.0021926 -0.0032593 -0.0102454 -0.0059712 -0.0015647 -0.0012611 -0.0151569 -0.0114573 -0.0017617 -0.0145452 -0.0004276 -0.0061252 -0.0016264 -0.0203055 -0.0147617 -0.0009119 -0.0039619 -0.0153800 -0.0088207 -0.0116502 -0.0007912 -0.0176274 -0.0086504 -0.0075333 -0.0176265 -0.0022104 -0.0054519 -0.0082597 -0.0115026 -0.0250586 -0.0082085 -0.0052220 -0.0082642 -0.0057395 -0.0041763 -0.0035370 -0.0085489 -0.0162125 -0.0159903 -0.0177137 -0.0178716 -0.0201762 -0.0144421 -0.0262841 -0.0252413 -0.0208595 -0.0061488 -0.0070303 -0.0095614 -0.0276792 -0.0227534 -0.0245422 -0.0191689 -0.0083833 -0.0246645 -0.0246862 -0.0141925 -0.0180301 -0.0196456 -0.0126105 -0.0142819 -0.0127646
0.0295124 0.0295635 0.0263518 0.0245719 0.0250543 0.0044938 0.0267632 0.0283477 0.0045664 0.0254126 0.0275350 0.0246691 0.8823668 0.0262217 0.0218811 0.0265888 0.0230577 0.0300580 0.0257338 0.0304978 0.0256485 0.0298337 0.0257862 0.0259599 0.0238295 0.0214159 0.0279592 0.0278797 0.0208338 0.0186356 0.0207459 0.0251961 0.0275109 0.0090146 0.0217739 0.0272409 0.0245602 0.0277763 0.0264995 0.0303184 0.0295536 0.0270358 0.0279540 0.0244996 0.0244884 0.0216489 0.0203280 0.0229110 0.0262110 0.0237830 0.0224238 0.0194398 0.0287362 0.0218384 0.0196085 0.0221596 0.0299918 0.0283620 0.0188051 0.0227471 0.0302867 0.0294893 0.0301063 0.0261400 0.0220742 0.0215526 0.0225528 0.0204869 0.0262222 0.0214917 0.0220809 0.0234222 0.0217711 0.0260158 0.0200724 0.0210610 0.0229429 0.0270081 0.0221921 0.0207519 0.0271279 0.0286343 0.0276324 0.0216359 0.0223910 0.0267264 0.0200237 0.0247179 0.0233253 0.0298726 0.0286676 0.0266268 0.0287306 0.0222617 -0.0231353 -0.0270271 -0.0253086 -0.0225249 -0.0210334 -0.0211489 -0.0186872 -0.0233363 -0.0200568 -0.0233436 -0.0255726 -0.0196581 -0.0141146 -0.0196660 -0.0224261 -0.0185031 -0.0201069 -0.0196597 -0.0229282 -0.0223397 -0.0160520 -0.0216373 -0.0156974 -0.0059886 -0.0142143 -0.0215126 -0.0117006 -0.0234002 -0.0138418 -0.0187065 -0.0113504 -0.0153079 -0.0140516 -0.0213922 -0.0227310 -0.0229494 -0.0126957 -0.0208986 -0.0066293 -0.0215978 -0.0042945 -0.0241686 -0.0128739 -0.0148467 -0.0101649 -0.0218090 -0.0226162 -0.0041398 -0.0118667 -0.0083071 -0.0122160 -0.0236897 -0.0221151 -0.0118022 -0.0114469 -0.0235442 -0.0127958 -0.0227334 -0.0057583 -0.0235738 -0.0127391 -0.0241579 -0.0267455 -0.0114140 -0.0112706 -0.0107760 -0.0022141 -0.0032823 -0.0111278 -0.0060618 -0.0016183 -0.0012810 -0.0156244 -0.0120298 -0.0017783 -0.0143462 -0.0004320 -0.0062283 -0.0016370 -0.0198805 -0.0152512 -0.0009221 -0.0040029 -0.0153226 -0.0091742 -0.0116626 -0.0007972 -0.0181351 -0.0086912 -0.0079020 -0.0179723 -0.0022383 -0.0056216 -0.0084444 -0.0116744 -0.0241910 -0.0083468 -0.0053432 -0.0086322 -0.0059278 -0.0042059 -0.0035440 -0.0090028 -0.0168586 -0.0158018 -0.0178647 -0.0178836 -0.0203089 -0.0148600 -0.0262654 -0.0259793 -0.0215614 -0.0062102 -0.0071226 -0.0093177 -0.0272173 -0.0231871 -0.0243562 -0.0195310 -0.0082622 -0.0241345 -0.0248450 -0.0146501 -0.0188898 -0.0206154 -0.0135038 -0.0149960 -0.0120572
0.0307619 0.0306402 0.0285492 0.0267073 0.0262804 0.0046026 0.0294474 0.0300788 0.0045480 0.0280811 0.0299604 0.0259348 0.0262217 0.8950237 0.0235638 0.0283688 0.0249898 0.0309809 0.0281936 0.0314012 0.0277961 0.0307977 0.0274645 0.0283305 0.0257061 0.0221453 0.0294764 0.0298255 0.0222316 0.0209051 0.0213596 0.0252049 0.0285696 0.0092557 0.0231308 0.0286312 0.0257357 0.0300181 0.0293699 0.0316869 0.0303937 0.0281230 0.0289602 0.0261987 0.0259165 0.0234541 0.0227448 0.0252154 0.0283972 0.0258923 0.0235988 0.0225685 0.0295212 0.0223731 0.0229192 0.0225957 0.0311963 0.0289732 0.0202573 0.0248651 0.0314331 0.0307262 0.0310752 0.0271921 0.0238471 0.0223403 0.0251342 0.0221596 0.0286820 0.0232679 0.0241110 0.0260250 0.0239919 0.0271684 0.0219045 0.0228659 0.0253616 0.0297126 0.0236463 0.0222176 0.0287901 0.0304111 0.0297362 0.0232668 0.0249933 0.0282987 0.0220859 0.0263595 0.0252214 0.0309711 0.0305208 0.0285577 0.0297476 0.0244741 -0.0243597 -0.0296174 -0.0272604 -0.0237786 -0.0208704 -0.0215778 -0.0188606 -0.0244608 -0.0224062 -0.0248966 -0.0271193 -0.0199156 -0.0141947 -0.0216084 -0.0235909 -0.0195494 -0.0204025 -0.0198413 -0.0253255 -0.0224027 -0.0159825 -0.0216775 -0.0157287 -0.0060977 -0.0126851 -0.0216778 -0.0118070 -0.0248233 -0.0136890 -0.0190474 -0.0103197 -0.0155156 -0.0136961 -0.0219078 -0.0231083 -0.0231248 -0.0127468 -0.0223296 -0.0067866 -0.0233289 -0.0042805 -0.0250181 -0.0131297 -0.0145384 -0.0103044 -0.0230831 -0.0243153 -0.0042130 -0.0120826 -0.0084454 -0.0124562 -0.0248288 -0.0239377 -0.0117916 -0.0115621 -0.0250812 -0.0128096 -0.0249920 -0.0058232 -0.0252669 -0.0127807 -0.0258335 -0.0289750 -0.0116860 -0.0107626 -0.0098521 -0.0022514 -0.0033637 -0.0098952 -0.0061586 -0.0016395 -0.0013017 -0.0144688 -0.0110396 -0.0017986 -0.0135481 -0.0004415 -0.0058297 -0.0016722 -0.0206070 -0.0149634 -0.0009388 -0.0040797 -0.0145410 -0.0083083 -0.0104942 -0.0008104 -0.0178835 -0.0078797 -0.0069859 -0.0173424 -0.0022932 -0.0056566 -0.0079206 -0.0109874 -0.0251194 -0.0083760 -0.0048357 -0.0078114 -0.0057986 -0.0042978 -0.0036427 -0.0080879 -0.0165197 -0.0150273 -0.0179735 -0.0200332 -0.0187009 -0.0137463 -0.0277543 -0.0258740 -0.0210342 -0.0063667 -0.0072709 -0.0103309 -0.0246128 -0.0232544 -0.0252027 -0.0186804 -0.0068309 -0.0248663 -0.0242901 -0.0165834 -0.0173095 -0.0215123 -0.0124356 -0.0142506 -0.0111834
0.0276240 0.0277873 0.0232419 0.0224899 0.0228804 0.0042406 0.0239421 0.0255287 0.0042498 0.0232812 0.0244677 0.0220134 0.0218811 0.0235638 0.8818777 0.0240008 0.0220217 0.0280185 0.0227528 0.0283499 0.0227248 0.0279898 0.0240454 0.0237345 0.0204645 0.0209569 0.0257516 0.0243470 0.0189852 0.0172141 0.0178586 0.0232147 0.0235396 0.0085544 0.0191808 0.0253800 0.0240967 0.0257001 0.0243444 0.0281042 0.0274980 0.0238770 0.0252244 0.0223486 0.0222503 0.0203107 0.0189312 0.0235222 0.0230503 0.0219678 0.0199385 0.0181260 0.0239720 0.0207530 0.0179897 0.0192785 0.0281093 0.0268541 0.0197997 0.0209222 0.0283720 0.0278918 0.0278730 0.0235158 0.0197662 0.0187066 0.0206813 0.0190377 0.0247361 0.0193836 0.0199554 0.0211189 0.0195142 0.0240659 0.0185623 0.0200945 0.0215786 0.0246923 0.0207774 0.0194466 0.0242746 0.0257172 0.0246625 0.0202843 0.0204617 0.0240908 0.0181741 0.0235409 0.0210154 0.0280041 0.0262284 0.0247699 0.0272135 0.0207592 -0.0223956 -0.0250745 -0.0234543 -0.0218065 -0.0185211 -0.0204946 -0.0187942 -0.0217753 -0.0194694 -0.0228585 -0.0240139 -0.0192808 -0.0146192 -0.0199931 -0.0219075 -0.0183607 -0.0190383 -0.0185578 -0.0234291 -0.0196954 -0.0165617 -0.0203822 -0.0155626 -0.0057191 -0.0135546 -0.0201720 -0.0112425 -0.0215685 -0.0136747 -0.0173280 -0.0113846 -0.0153930 -0.0142050 -0.0194500 -0.0212112 -0.0218050 -0.0131446 -0.0203517 -0.0062563 -0.0208394 -0.0040455 -0.0216414 -0.0122924 -0.0156813 -0.0098168 -0.0203192 -0.0206512 -0.0039350 -0.0113309 -0.0078833 -0.0116985 -0.0225915 -0.0215938 -0.0114190 -0.0109544 -0.0217360 -0.0122776 -0.0216681 -0.0054570 -0.0219192 -0.0122598 -0.0232487 -0.0241184 -0.0108165 -0.0121590 -0.0110644 -0.0020950 -0.0031419 -0.0109295 -0.0057614 -0.0015315 -0.0012014 -0.0157537 -0.0123419 -0.0016827 -0.0147674 -0.0004041 -0.0062721 -0.0015549 -0.0199883 -0.0159920 -0.0008685 -0.0037911 -0.0153025 -0.0096701 -0.0116489 -0.0007586 -0.0178095 -0.0092069 -0.0081113 -0.0170784 -0.0021175 -0.0055717 -0.0085823 -0.0119082 -0.0226204 -0.0079434 -0.0055054 -0.0089484 -0.0055478 -0.0039779 -0.0033863 -0.0088646 -0.0162939 -0.0161830 -0.0183582 -0.0197286 -0.0174527 -0.0149358 -0.0244061 -0.0236996 -0.0195376 -0.0059007 -0.0067956 -0.0115143 -0.0231132 -0.0216539 -0.0234173 -0.0195056 -0.0081721 -0.0233576 -0.0228704 -0.0160335 -0.0163761 -0.0198330 -0.0138007 -0.0155626 -0.0128486
0.0308486 0.0309381 0.0288836 0.0268557 0.0266264 0.0046281 0.0295380 0.0304287 0.0046573 0.0276906 0.0295675 0.0259275 0.0265888 0.0283688 0.0240008 0.8841891 0.0253086 0.0311689 0.0280263 0.0317305 0.0272117 0.0309819 0.0273409 0.0286685 0.0259209 0.0226724 0.0302788 0.0300989 0.0221776 0.0209951 0.0222157 0.0266732 0.0279495 0.0092873 0.0233237 0.0286570 0.0262721 0.0310713 0.0296518 0.0319464 0.0305852 0.0277678 0.0287466 0.0260228 0.0264991 0.0238291 0.0228968 0.0254427 0.0298438 0.0261252 0.0245443 0.0225150 0.0294052 0.0240588 0.0219287 0.0228141 0.0315896 0.0293613 0.0215482 0.0262567 0.0316385 0.0308109 0.0310310 0.0277550 0.0241416 0.0237985 0.0249353 0.0229796 0.0286558 0.0237142 0.0245482 0.0255161 0.0244187 0.0268905 0.0217908 0.0233653 0.0248763 0.0299242 0.0242049 0.0224789 0.0286646 0.0304311 0.0297246 0.0237716 0.0241494 0.0289098 0.0224147 0.0270774 0.0254645 0.0312501 0.0304453 0.0278108 0.0302348 0.0243172 -0.0245759 -0.0294383 -0.0275767 -0.0229478 -0.0205682 -0.0217296 -0.0192941 -0.0250575 -0.0209744 -0.0243675 -0.0281868 -0.0195373 -0.0139386 -0.0206691 -0.0231375 -0.0195760 -0.0207107 -0.0202285 -0.0256641 -0.0226105 -0.0164437 -0.0216886 -0.0163169 -0.0061850 -0.0136996 -0.0212743 -0.0120430 -0.0230940 -0.0133654 -0.0188450 -0.0110678 -0.0156580 -0.0145313 -0.0220238 -0.0220814 -0.0234305 -0.0133844 -0.0221449 -0.0067705 -0.0223429 -0.0043901 -0.0250489 -0.0132263 -0.0149784 -0.0105620 -0.0220839 -0.0247003 -0.0042474 -0.0122960 -0.0085387 -0.0126179 -0.0247568 -0.0229093 -0.0119920 -0.0116784 -0.0243351 -0.0130870 -0.0241715 -0.0059083 -0.0240847 -0.0129136 -0.0260563 -0.0281379 -0.0116977 -0.0108897 -0.0102503 -0.0022678 -0.0033816 -0.0102433 -0.0062392 -0.0016655 -0.0013053 -0.0153975 -0.0120990 -0.0018310 -0.0141131 -0.0004454 -0.0060917 -0.0016910 -0.0206798 -0.0148557 -0.0009517 -0.0041111 -0.0148992 -0.0087229 -0.0113900 -0.0008187 -0.0183409 -0.0082008 -0.0071199 -0.0174174 -0.0022980 -0.0058799 -0.0085513 -0.0113644 -0.0260778 -0.0086115 -0.0053614 -0.0082907 -0.0061549 -0.0043435 -0.0036372 -0.0088041 -0.0167870 -0.0156542 -0.0178993 -0.0206062 -0.0191116 -0.0146028 -0.0281651 -0.0263697 -0.0208836 -0.0063929 -0.0073377 -0.0108691 -0.0253511 -0.0234333 -0.0252034 -0.0193051 -0.0073769 -0.0253347 -0.0249366 -0.0159867 -0.0183499 -0.0208728 -0.0131187 -0.0146672 -0.0119331
0.0284609 0.0286504 0.0259423 0.0254270 0.0245816 0.0043781 0.0261103 0.0266961 0.0043458 0.0248602 0.0267068 0.0235062 0.0230577 0.0249898 0.0220217 0.0253086 0.8700436 0.0289157 0.0256136 0.0293916 0.0253201 0.0285270 0.0257997 0.0255149 0.0224962 0.0206983 0.0275712 0.0270696 0.0199992 0.0190849 0.0200011 0.0245029 0.0260823 0.0087682 0.0207782 0.0266350 0.0248564 0.0271591 0.0272846 0.0295642 0.0288095 0.0260523 0.0273410 0.0241712 0.0251205 0.0218778 0.0210902 0.0226498 0.0257085 0.0251529 0.0215037 0.0202046 0.0264972 0.0219914 0.0195768 0.0219884 0.0289635 0.0276054 0.0181975 0.0227533 0.0290369 0.0286358 0.0290905 0.0256333 0.0219258 0.0214910 0.0230257 0.0210056 0.0263908 0.0221914 0.0227697 0.0231643 0.0218902 0.0259631 0.0202156 0.0216476 0.0240290 0.0260620 0.0228106 0.0206366 0.0264109 0.0274408 0.0270770 0.0226556 0.0224849 0.0263729 0.0215347 0.0250845 0.0231507 0.0291194 0.0278328 0.0260865 0.0285717 0.0226057 -0.0231805 -0.0273590 -0.0253837 -0.0223633 -0.0199779 -0.0206053 -0.0185992 -0.0233568 -0.0194287 -0.0232758 -0.0258682 -0.0198147 -0.0139688 -0.0198089 -0.0222218 -0.0179160 -0.0195806 -0.0190894 -0.0235252 -0.0209517 -0.0155726 -0.0209673 -0.0149713 -0.0058066 -0.0129205 -0.0207365 -0.0113278 -0.0226398 -0.0136707 -0.0180476 -0.0107807 -0.0148562 -0.0135586 -0.0203062 -0.0219113 -0.0229516 -0.0122528 -0.0212688 -0.0064118 -0.0215341 -0.0040432 -0.0230738 -0.0125491 -0.0148065 -0.0098064 -0.0208977 -0.0218999 -0.0040074 -0.0115572 -0.0080651 -0.0118339 -0.0241033 -0.0225279 -0.0114307 -0.0110850 -0.0238390 -0.0123098 -0.0231653 -0.0055844 -0.0231056 -0.0122235 -0.0240569 -0.0270062 -0.0110372 -0.0110591 -0.0099371 -0.0020981 -0.0032091 -0.0103937 -0.0058644 -0.0015870 -0.0012387 -0.0144722 -0.0111923 -0.0017216 -0.0141725 -0.0004184 -0.0057849 -0.0015973 -0.0190273 -0.0142870 -0.0008947 -0.0038686 -0.0148874 -0.0087332 -0.0112408 -0.0007786 -0.0172670 -0.0080202 -0.0071480 -0.0174821 -0.0021676 -0.0055483 -0.0080491 -0.0104871 -0.0236693 -0.0080583 -0.0050001 -0.0082257 -0.0055111 -0.0040719 -0.0034406 -0.0085000 -0.0157537 -0.0150077 -0.0179380 -0.0192768 -0.0177477 -0.0143706 -0.0268928 -0.0252519 -0.0198009 -0.0060336 -0.0068997 -0.0105889 -0.0236404 -0.0224298 -0.0237931 -0.0182885 -0.0078557 -0.0238611 -0.0236731 -0.0158924 -0.0164661 -0.0199277 -0.0129413 -0.0143346 -0.0116812
